# relative_time, cycles_done, cur_item, corpus_count, pending_total, pending_favs, map_size, saved_crashes, saved_hangs, max_depth, execs_per_sec, total_execs, edges_found, total_crashes, servers_count
61, 1303, 1, 2, 0, 0, 18.75%, 0, 0, 2, 6967.71, 458451, 18, 0, 0
66, 1404, 1, 2, 0, 0, 18.75%, 0, 0, 2, 6958.20, 493727, 18, 0, 0
71, 1435, 11, 13, 0, 0, 37.50%, 5, 0, 7, 7184.13, 531268, 36, 372, 0
77, 1438, 14, 15, 0, 0, 39.58%, 10, 0, 8, 6736.39, 565085, 38, 2900, 0
82, 1441, 5, 17, 1, 0, 46.88%, 11, 0, 10, 6695.12, 598874, 45, 4928, 0
87, 1442, 15, 22, 6, 0, 52.08%, 13, 0, 10, 7134.85, 635535, 50, 6628, 0
92, 1442, 27, 34, 12, 0, 57.29%, 15, 0, 13, 7180.59, 671625, 55, 11774, 0
97, 1442, 32, 41, 9, 0, 62.50%, 15, 0, 14, 7008.24, 707456, 60, 18616, 0
102, 1443, 11, 42, 5, 0, 62.50%, 15, 0, 14, 7241.95, 744000, 60, 23722, 0
107, 1444, 38, 44, 4, 0, 66.67%, 16, 0, 14, 7267.82, 780491, 64, 28542, 0
112, 1444, 43, 51, 9, 1, 69.79%, 17, 0, 15, 7308.76, 817341, 67, 35667, 0
117, 1444, 3, 52, 4, 0, 69.79%, 17, 0, 15, 7346.69, 855453, 67, 41174, 0
122, 1445, 14, 53, 3, 0, 69.79%, 17, 0, 16, 7355.92, 893405, 67, 47402, 0
127, 1445, 28, 53, 1, 0, 69.79%, 17, 0, 16, 7147.29, 930343, 67, 53024, 0
132, 1446, 45, 54, 1, 0, 69.79%, 17, 0, 16, 7381.38, 967858, 67, 58663, 0
138, 1446, 42, 54, 0, 0, 69.79%, 17, 0, 16, 7407.73, 1006304, 67, 64779, 0
143, 1447, 36, 54, 0, 0, 69.79%, 17, 0, 16, 7410.47, 1044114, 67, 70334, 0
148, 1447, 43, 54, 0, 0, 69.79%, 17, 0, 16, 7332.59, 1081110, 67, 75808, 0
153, 1448, 43, 55, 1, 0, 69.79%, 17, 0, 16, 7390.00, 1119863, 67, 81019, 0
158, 1448, 42, 55, 1, 0, 69.79%, 17, 0, 16, 7367.43, 1156921, 67, 86667, 0
163, 1449, 14, 55, 0, 0, 69.79%, 17, 0, 16, 7422.81, 1194516, 67, 92027, 0
168, 1449, 14, 55, 0, 0, 69.79%, 18, 0, 16, 7435.06, 1232215, 67, 97176, 0
173, 1450, 55, 57, 2, 0, 69.79%, 18, 0, 17, 7316.36, 1269134, 67, 103002, 0
178, 1450, 43, 58, 1, 0, 69.79%, 18, 0, 17, 6891.07, 1302862, 67, 107662, 0
183, 1451, 43, 58, 1, 0, 69.79%, 18, 0, 17, 6935.41, 1338215, 67, 112017, 0
188, 1451, 46, 58, 0, 0, 69.79%, 18, 0, 17, 6797.17, 1373175, 67, 116652, 0
193, 1452, 55, 58, 0, 0, 69.79%, 18, 0, 17, 6768.03, 1407253, 67, 121187, 0
198, 1452, 46, 58, 0, 0, 69.79%, 18, 0, 17, 7130.10, 1443385, 67, 125737, 0
204, 1453, 45, 58, 0, 0, 69.79%, 18, 0, 17, 7370.83, 1481866, 67, 130294, 0
209, 1453, 19, 58, 0, 0, 69.79%, 18, 0, 17, 7408.56, 1519341, 67, 135399, 0
214, 1454, 43, 58, 0, 0, 69.79%, 18, 0, 17, 7344.62, 1556377, 67, 141841, 0
219, 1454, 21, 59, 1, 0, 69.79%, 18, 0, 17, 7253.07, 1593869, 67, 146602, 0
224, 1455, 53, 59, 1, 0, 69.79%, 18, 0, 17, 7359.83, 1630824, 67, 150943, 0
229, 1455, 4, 59, 0, 0, 69.79%, 18, 0, 17, 7343.58, 1667823, 67, 156528, 0
234, 1456, 46, 59, 0, 0, 69.79%, 18, 0, 17, 7087.17, 1703283, 67, 160944, 0
239, 1456, 4, 59, 0, 0, 69.79%, 18, 0, 17, 7315.86, 1740092, 67, 167042, 0
244, 1457, 43, 59, 0, 0, 69.79%, 18, 0, 17, 7296.62, 1778140, 67, 172106, 0
249, 1457, 43, 59, 0, 0, 69.79%, 18, 0, 17, 7311.18, 1816140, 67, 176471, 0
254, 1458, 47, 59, 0, 0, 69.79%, 18, 0, 17, 7200.17, 1852398, 67, 181268, 0
259, 1458, 55, 59, 0, 0, 69.79%, 18, 0, 17, 7247.62, 1888586, 67, 186400, 0
265, 1459, 38, 59, 0, 0, 69.79%, 18, 0, 17, 7353.51, 1926785, 67, 192066, 0
270, 1459, 52, 59, 0, 0, 69.79%, 18, 0, 17, 7149.02, 1962878, 67, 196916, 0
275, 1459, 47, 60, 1, 0, 69.79%, 19, 0, 17, 7290.74, 1999713, 67, 201371, 0
280, 1460, 47, 60, 1, 0, 69.79%, 19, 0, 17, 7316.23, 2038064, 67, 207836, 0
285, 1460, 55, 60, 1, 0, 69.79%, 19, 0, 17, 7297.83, 2075716, 67, 213697, 0
290, 1461, 47, 60, 1, 0, 69.79%, 19, 0, 17, 7343.08, 2112538, 67, 218512, 0
295, 1461, 11, 60, 0, 0, 69.79%, 19, 0, 17, 7336.83, 2149621, 67, 224098, 0
300, 1462, 41, 60, 0, 0, 69.79%, 19, 0, 17, 7376.07, 2186513, 67, 227821, 0
305, 1462, 55, 60, 0, 0, 69.79%, 19, 0, 17, 7343.86, 2223239, 67, 233161, 0
310, 1463, 11, 60, 0, 0, 69.79%, 19, 0, 17, 7342.93, 2260074, 67, 238526, 0
315, 1463, 21, 60, 0, 0, 69.79%, 19, 0, 17, 7254.49, 2297708, 67, 244355, 0
320, 1464, 11, 60, 0, 0, 69.79%, 19, 0, 17, 7234.77, 2334000, 67, 249451, 0
325, 1464, 43, 60, 0, 0, 69.79%, 19, 0, 17, 7097.98, 2369862, 67, 254240, 0
330, 1465, 11, 60, 0, 0, 69.79%, 19, 0, 17, 6985.45, 2405067, 67, 259818, 0
336, 1465, 43, 60, 0, 0, 69.79%, 19, 0, 17, 7219.97, 2443022, 67, 265520, 0
341, 1466, 42, 60, 0, 0, 69.79%, 19, 0, 17, 7038.55, 2478743, 67, 270412, 0
346, 1466, 60, 61, 1, 0, 69.79%, 19, 0, 17, 6839.21, 2512906, 67, 275400, 0
351, 1467, 55, 61, 0, 0, 69.79%, 19, 0, 17, 6819.66, 2547373, 67, 280516, 0
356, 1467, 19, 61, 0, 0, 69.79%, 19, 0, 17, 7014.02, 2582604, 67, 285950, 0
361, 1468, 47, 61, 0, 0, 69.79%, 19, 0, 17, 7216.79, 2620319, 67, 290904, 0
366, 1468, 36, 61, 0, 0, 69.79%, 19, 0, 17, 7158.08, 2655965, 67, 295641, 0
371, 1469, 36, 62, 1, 0, 69.79%, 19, 0, 17, 7319.65, 2692784, 67, 301883, 0
376, 1469, 45, 62, 0, 0, 69.79%, 19, 0, 17, 7371.41, 2729716, 67, 307214, 0
381, 1470, 42, 62, 0, 0, 69.79%, 19, 0, 17, 7383.06, 2767063, 67, 312498, 0
386, 1470, 49, 62, 0, 0, 69.79%, 19, 0, 17, 7268.16, 2803551, 67, 316918, 0
391, 1471, 42, 62, 0, 0, 69.79%, 19, 0, 17, 7275.64, 2839956, 67, 322041, 0
396, 1471, 36, 62, 0, 0, 69.79%, 19, 0, 17, 7375.57, 2876962, 67, 327271, 0
401, 1472, 47, 62, 0, 0, 69.79%, 19, 0, 17, 7389.02, 2914110, 67, 331552, 0
406, 1472, 48, 62, 0, 0, 69.79%, 19, 0, 17, 7330.19, 2950905, 67, 335992, 0
412, 1473, 36, 62, 0, 0, 69.79%, 19, 0, 17, 7306.47, 2988833, 67, 341727, 0
417, 1473, 47, 62, 0, 0, 69.79%, 19, 0, 17, 7369.25, 3025956, 67, 346626, 0
422, 1474, 21, 62, 0, 0, 69.79%, 19, 0, 17, 7364.33, 3063235, 67, 351152, 0
427, 1474, 5, 62, 0, 0, 69.79%, 19, 0, 17, 7327.16, 3101269, 67, 356123, 0
432, 1475, 11, 62, 0, 0, 69.79%, 19, 0, 17, 7342.26, 3137942, 67, 360462, 0
437, 1475, 42, 62, 0, 0, 69.79%, 19, 0, 17, 7310.87, 3174743, 67, 366411, 0
442, 1476, 36, 62, 0, 0, 69.79%, 19, 0, 17, 7299.68, 3212361, 67, 371525, 0
447, 1476, 11, 62, 0, 0, 69.79%, 19, 0, 17, 7357.35, 3249650, 67, 377036, 0
452, 1477, 55, 62, 0, 0, 69.79%, 19, 0, 17, 7466.00, 3287474, 67, 382750, 0
457, 1477, 47, 62, 0, 0, 69.79%, 19, 0, 17, 7172.02, 3323344, 67, 388112, 0
462, 1478, 47, 62, 0, 0, 69.79%, 19, 0, 17, 7293.23, 3360198, 67, 393592, 0
467, 1478, 46, 62, 0, 0, 69.79%, 19, 0, 17, 7348.95, 3397376, 67, 398336, 0
472, 1479, 46, 62, 0, 0, 69.79%, 19, 0, 17, 7304.70, 3435286, 67, 403752, 0
478, 1479, 43, 62, 0, 0, 69.79%, 19, 0, 17, 6987.88, 3472117, 67, 408017, 0
483, 1480, 42, 63, 0, 0, 69.79%, 19, 0, 17, 7183.90, 3509041, 67, 412327, 0
488, 1480, 21, 63, 0, 0, 69.79%, 19, 0, 17, 7329.76, 3546431, 67, 418172, 0
493, 1481, 14, 63, 0, 0, 69.79%, 19, 0, 17, 7171.03, 3582680, 67, 423379, 0
498, 1481, 14, 63, 0, 0, 69.79%, 19, 0, 17, 7348.41, 3620703, 67, 428885, 0
503, 1482, 55, 63, 0, 0, 69.79%, 19, 0, 17, 7334.76, 3657573, 67, 434483, 0
508, 1482, 47, 63, 0, 0, 69.79%, 19, 0, 17, 7433.44, 3695337, 67, 439234, 0
513, 1483, 36, 63, 0, 0, 69.79%, 19, 0, 17, 7306.73, 3732132, 67, 444094, 0
518, 1483, 43, 63, 0, 0, 69.79%, 19, 0, 17, 7407.81, 3770935, 67, 450012, 0
523, 1484, 1, 63, 0, 0, 69.79%, 19, 0, 17, 7373.92, 3807896, 67, 454537, 0
528, 1484, 45, 63, 0, 0, 69.79%, 19, 0, 17, 7351.31, 3845248, 67, 459364, 0
533, 1485, 45, 63, 0, 0, 69.79%, 19, 0, 17, 7398.92, 3882471, 67, 464126, 0
539, 1485, 5, 63, 0, 0, 69.79%, 19, 0, 17, 7414.02, 3920235, 67, 469047, 0
544, 1486, 43, 63, 0, 0, 69.79%, 20, 0, 17, 7350.38, 3958574, 67, 474654, 0
549, 1486, 52, 63, 0, 0, 69.79%, 20, 0, 17, 7314.88, 3995884, 67, 480210, 0
554, 1487, 16, 63, 0, 0, 69.79%, 20, 0, 17, 7358.45, 4033120, 67, 485253, 0
559, 1487, 14, 63, 0, 0, 69.79%, 20, 0, 17, 7241.13, 4069325, 67, 491059, 0
564, 1488, 43, 63, 0, 0, 69.79%, 20, 0, 17, 7152.74, 4104958, 67, 496108, 0
569, 1488, 46, 63, 0, 0, 69.79%, 20, 0, 17, 7291.75, 4141731, 67, 501407, 0
574, 1489, 4, 63, 0, 0, 69.79%, 20, 0, 17, 7325.97, 4179755, 67, 506184, 0
579, 1489, 46, 63, 0, 0, 69.79%, 20, 0, 17, 7348.43, 4217242, 67, 511110, 0
584, 1490, 2, 63, 0, 0, 69.79%, 20, 0, 17, 7348.88, 4254956, 67, 515922, 0
589, 1490, 43, 63, 0, 0, 69.79%, 20, 0, 17, 7047.04, 4291013, 67, 520807, 0
594, 1491, 14, 63, 0, 0, 69.79%, 20, 0, 17, 7254.12, 4327569, 67, 525099, 0
600, 1491, 42, 63, 0, 0, 69.79%, 20, 0, 17, 7330.80, 4365934, 67, 529512, 0
605, 1491, 5, 69, 6, 0, 69.79%, 21, 0, 17, 7306.97, 4403962, 67, 535158, 0
610, 1492, 42, 71, 5, 0, 69.79%, 21, 0, 18, 7001.78, 4439087, 67, 540800, 0
615, 1492, 63, 71, 4, 0, 69.79%, 21, 0, 18, 7161.70, 4475467, 67, 545960, 0
620, 1493, 47, 72, 2, 0, 69.79%, 21, 0, 18, 7220.50, 4513031, 67, 551581, 0
625, 1493, 50, 72, 2, 0, 69.79%, 21, 0, 18, 7307.52, 4551146, 67, 557572, 0
630, 1493, 36, 73, 2, 0, 69.79%, 21, 0, 18, 7232.41, 4588162, 67, 563598, 0
636, 1494, 55, 73, 2, 0, 69.79%, 21, 0, 18, 7296.21, 4626107, 67, 568943, 0
641, 1494, 41, 74, 3, 0, 69.79%, 21, 0, 18, 7239.24, 4662547, 67, 575124, 0
646, 1494, 45, 76, 3, 0, 69.79%, 21, 0, 19, 7249.13, 4699052, 67, 581041, 0
651, 1495, 14, 76, 1, 0, 69.79%, 21, 0, 19, 7266.90, 4736532, 67, 586800, 0
656, 1495, 75, 76, 1, 0, 69.79%, 21, 0, 19, 7244.19, 4774255, 67, 592471, 0
661, 1496, 45, 76, 0, 0, 69.79%, 21, 0, 19, 7311.41, 4811062, 67, 598042, 0
666, 1496, 55, 76, 0, 0, 69.79%, 21, 0, 19, 7314.80, 4847754, 67, 603678, 0
671, 1496, 46, 76, 0, 0, 69.79%, 21, 0, 19, 7299.02, 4885617, 67, 609625, 0
676, 1497, 27, 76, 0, 0, 69.79%, 21, 0, 19, 7296.55, 4922131, 67, 614423, 0
681, 1497, 46, 76, 0, 0, 69.79%, 21, 0, 19, 7272.06, 4959035, 67, 619787, 0
686, 1497, 55, 76, 0, 0, 69.79%, 21, 0, 19, 7283.39, 4996929, 67, 624581, 0
692, 1498, 5, 76, 0, 0, 69.79%, 21, 0, 19, 7332.95, 5034081, 67, 629493, 0
697, 1498, 21, 76, 0, 0, 69.79%, 21, 0, 19, 7322.10, 5072065, 67, 635909, 0
702, 1499, 66, 76, 0, 0, 69.79%, 21, 0, 19, 7310.38, 5108611, 67, 641615, 0
707, 1499, 42, 76, 0, 0, 69.79%, 21, 0, 19, 7262.38, 5145223, 67, 647115, 0
712, 1499, 27, 76, 0, 0, 69.79%, 21, 0, 19, 7297.22, 5183076, 67, 651788, 0
717, 1500, 46, 77, 1, 0, 69.79%, 21, 0, 20, 7217.80, 5220522, 67, 657442, 0
722, 1500, 61, 77, 0, 0, 69.79%, 21, 0, 20, 7313.58, 5257365, 67, 662839, 0
727, 1500, 55, 77, 0, 0, 69.79%, 21, 0, 20, 7335.48, 5294381, 67, 668024, 0
732, 1501, 42, 77, 0, 0, 69.79%, 21, 0, 20, 7290.74, 5330812, 67, 673262, 0
737, 1501, 45, 77, 0, 0, 69.79%, 21, 0, 20, 7344.14, 5367713, 67, 678686, 0
742, 1501, 45, 77, 0, 0, 69.79%, 21, 0, 20, 7265.27, 5405270, 67, 685113, 0
748, 1502, 21, 77, 0, 0, 69.79%, 21, 0, 20, 7247.28, 5442916, 67, 691396, 0
753, 1502, 47, 77, 0, 0, 69.79%, 21, 0, 20, 7252.58, 5480488, 67, 696568, 0
758, 1503, 55, 77, 0, 0, 69.79%, 21, 0, 20, 7278.59, 5516944, 67, 702015, 0
763, 1503, 76, 77, 0, 0, 69.79%, 21, 0, 20, 7321.39, 5555038, 67, 707986, 0
768, 1503, 43, 78, 1, 0, 69.79%, 21, 0, 20, 7308.77, 5592203, 67, 713738, 0
773, 1504, 45, 79, 1, 0, 69.79%, 21, 0, 20, 7224.77, 5628677, 67, 719601, 0
778, 1504, 3, 79, 0, 0, 69.79%, 21, 0, 20, 7156.97, 5665834, 67, 725273, 0
783, 1504, 54, 79, 0, 0, 69.79%, 21, 0, 20, 7163.89, 5701539, 67, 730247, 0
788, 1505, 43, 79, 0, 0, 69.79%, 21, 0, 20, 7283.68, 5738379, 67, 735902, 0
794, 1505, 21, 79, 0, 0, 69.79%, 21, 0, 20, 7213.60, 5775360, 67, 741776, 0
799, 1505, 60, 79, 0, 0, 69.79%, 21, 0, 20, 7255.01, 5811852, 67, 747841, 0
804, 1506, 47, 79, 0, 0, 69.79%, 21, 0, 20, 7228.10, 5849153, 67, 754341, 0
809, 1506, 26, 79, 0, 0, 69.79%, 21, 0, 20, 7248.10, 5885493, 67, 759473, 0
814, 1506, 5, 79, 0, 0, 69.79%, 21, 0, 20, 7278.34, 5923240, 67, 764260, 0
819, 1507, 47, 79, 0, 0, 69.79%, 21, 0, 20, 7149.25, 5960196, 67, 770177, 0
824, 1507, 69, 79, 0, 0, 69.79%, 21, 0, 20, 7219.24, 5996592, 67, 775345, 0
829, 1508, 42, 79, 0, 0, 69.79%, 21, 0, 20, 7242.02, 6034247, 67, 780921, 0
834, 1508, 47, 79, 0, 0, 69.79%, 21, 0, 20, 7321.85, 6071173, 67, 786922, 0
840, 1508, 45, 79, 0, 0, 69.79%, 21, 0, 20, 7225.29, 6108255, 67, 792230, 0
845, 1509, 39, 79, 0, 0, 69.79%, 21, 0, 20, 7269.28, 6146115, 67, 798062, 0
850, 1509, 21, 79, 0, 0, 69.79%, 21, 0, 20, 7151.58, 6183243, 67, 803633, 0
855, 1509, 67, 79, 0, 0, 69.79%, 21, 0, 20, 7165.63, 6219596, 67, 809350, 0
860, 1510, 42, 79, 0, 0, 69.79%, 21, 0, 20, 7203.00, 6256912, 67, 816056, 0
865, 1510, 11, 79, 0, 0, 69.79%, 21, 0, 20, 7321.42, 6295048, 67, 821198, 0
871, 1511, 47, 79, 0, 0, 69.79%, 21, 0, 20, 7337.06, 6333141, 67, 825673, 0
876, 1511, 27, 79, 0, 0, 69.79%, 21, 0, 20, 7281.31, 6370647, 67, 830740, 0
881, 1511, 10, 79, 0, 0, 69.79%, 21, 0, 20, 7380.18, 6407577, 67, 835476, 0
886, 1512, 47, 79, 0, 0, 69.79%, 21, 0, 20, 7451.15, 6445345, 67, 840293, 0
891, 1512, 43, 79, 0, 0, 69.79%, 21, 0, 20, 7379.34, 6482840, 67, 845948, 0
896, 1512, 46, 79, 0, 0, 69.79%, 21, 0, 20, 7304.23, 6520327, 67, 851544, 0
901, 1513, 45, 79, 0, 0, 69.79%, 21, 0, 20, 7402.77, 6557681, 67, 857303, 0
906, 1513, 45, 79, 0, 0, 69.79%, 21, 0, 20, 7315.23, 6595238, 67, 863164, 0
911, 1514, 47, 79, 0, 0, 69.79%, 21, 0, 20, 7356.07, 6632362, 67, 868798, 0
916, 1514, 47, 79, 0, 0, 69.79%, 21, 0, 20, 7403.44, 6669963, 67, 874588, 0
921, 1514, 9, 79, 0, 0, 69.79%, 21, 0, 20, 7382.91, 6707345, 67, 879657, 0
926, 1515, 55, 79, 0, 0, 69.79%, 21, 0, 20, 7337.02, 6744365, 67, 885103, 0
931, 1515, 42, 79, 0, 0, 69.79%, 21, 0, 20, 7406.19, 6781583, 67, 891493, 0
936, 1515, 11, 79, 0, 0, 69.79%, 21, 0, 20, 7391.61, 6818963, 67, 897671, 0
942, 1516, 47, 81, 1, 0, 69.79%, 21, 0, 21, 7308.87, 6855459, 67, 903480, 0
947, 1516, 47, 81, 0, 0, 69.79%, 21, 0, 21, 7406.31, 6893194, 67, 908930, 0
952, 1516, 46, 81, 0, 0, 69.79%, 21, 0, 21, 7504.43, 6931161, 67, 915320, 0
957, 1517, 55, 81, 0, 0, 69.79%, 21, 0, 21, 7353.12, 6969141, 67, 921745, 0
962, 1517, 36, 81, 0, 0, 69.79%, 21, 0, 21, 7450.55, 7006959, 67, 928096, 0
967, 1517, 46, 81, 0, 0, 69.79%, 21, 0, 21, 7495.36, 7044871, 67, 934303, 0
972, 1518, 11, 81, 0, 0, 69.79%, 21, 0, 21, 7497.75, 7082818, 67, 939475, 0
977, 1518, 42, 81, 0, 0, 69.79%, 21, 0, 21, 7333.30, 7120495, 67, 944935, 0
982, 1519, 21, 81, 0, 0, 69.79%, 21, 0, 21, 7372.85, 7157936, 67, 950797, 0
987, 1519, 5, 81, 0, 0, 69.79%, 21, 0, 21, 7452.49, 7195989, 67, 955759, 0
992, 1519, 21, 81, 0, 0, 69.79%, 21, 0, 21, 7492.24, 7233489, 67, 960607, 0
997, 1520, 36, 81, 0, 0, 69.79%, 21, 0, 21, 7424.14, 7270943, 67, 966582, 0
1003, 1520, 21, 81, 0, 0, 69.79%, 21, 0, 21, 7170.31, 7307765, 67, 971783, 0
1008, 1520, 21, 81, 0, 0, 69.79%, 21, 0, 21, 7331.35, 7344971, 67, 977181, 0
1013, 1521, 5, 81, 0, 0, 69.79%, 21, 0, 21, 7395.91, 7382551, 67, 982885, 0
1018, 1521, 56, 81, 0, 0, 69.79%, 21, 0, 21, 7329.71, 7420733, 67, 988787, 0
1023, 1521, 79, 81, 0, 0, 69.79%, 21, 0, 21, 7439.60, 7458431, 67, 995071, 0
1028, 1522, 55, 81, 0, 0, 69.79%, 21, 0, 21, 7359.30, 7495263, 67, 1001121, 0
1033, 1522, 46, 81, 0, 0, 69.79%, 21, 0, 21, 7325.33, 7532753, 67, 1007213, 0
1038, 1522, 45, 82, 0, 0, 69.79%, 21, 0, 21, 7251.02, 7570188, 67, 1012650, 0
1043, 1523, 75, 82, 0, 0, 69.79%, 21, 0, 21, 7301.93, 7606763, 67, 1017701, 0
1048, 1523, 75, 82, 0, 0, 69.79%, 21, 0, 21, 7213.80, 7642680, 67, 1023815, 0
1053, 1524, 27, 82, 0, 0, 69.79%, 21, 0, 21, 7241.17, 7678852, 67, 1029031, 0
1058, 1524, 55, 82, 0, 0, 69.79%, 22, 0, 21, 7300.95, 7715678, 67, 1035079, 0
1063, 1524, 55, 82, 0, 0, 69.79%, 22, 0, 21, 7213.85, 7751780, 67, 1039379, 0
1068, 1525, 45, 82, 0, 0, 69.79%, 22, 0, 21, 7264.73, 7788184, 67, 1044446, 0
1073, 1525, 55, 82, 0, 0, 69.79%, 22, 0, 21, 7300.44, 7824985, 67, 1050500, 0
1078, 1525, 36, 82, 0, 0, 69.79%, 22, 0, 21, 7293.70, 7861605, 67, 1055846, 0
1084, 1526, 42, 82, 0, 0, 69.79%, 22, 0, 21, 7258.37, 7899241, 67, 1061089, 0
1089, 1526, 52, 82, 0, 0, 69.79%, 22, 0, 21, 7254.23, 7936816, 67, 1067687, 0
1094, 1526, 52, 82, 0, 0, 69.79%, 22, 0, 21, 7241.16, 7973104, 67, 1072146, 0
1099, 1527, 42, 82, 0, 0, 69.79%, 22, 0, 21, 7221.84, 8010425, 67, 1077945, 0
1104, 1527, 55, 82, 0, 0, 69.79%, 22, 0, 21, 7232.32, 8047771, 67, 1083608, 0
1109, 1528, 36, 82, 0, 0, 69.79%, 22, 0, 21, 7268.23, 8084646, 67, 1089203, 0
1114, 1528, 43, 82, 0, 0, 69.79%, 22, 0, 21, 7343.23, 8121704, 67, 1093872, 0
1119, 1528, 46, 82, 0, 0, 69.79%, 22, 0, 21, 7279.29, 8159047, 67, 1099597, 0
1124, 1529, 74, 82, 0, 0, 69.79%, 22, 0, 21, 7283.51, 8195557, 67, 1104655, 0
1130, 1529, 57, 82, 0, 0, 69.79%, 22, 0, 21, 7149.78, 8232374, 67, 1110530, 0
1135, 1529, 79, 82, 0, 0, 69.79%, 22, 0, 21, 7137.17, 8269236, 67, 1116545, 0
1140, 1530, 55, 82, 0, 0, 69.79%, 22, 0, 21, 7221.90, 8306527, 67, 1123225, 0
1145, 1530, 11, 82, 0, 0, 69.79%, 22, 0, 21, 7174.22, 8343630, 67, 1129438, 0
1150, 1530, 36, 82, 0, 0, 69.79%, 22, 0, 21, 7256.33, 8381285, 67, 1135404, 0
1155, 1531, 46, 82, 0, 0, 69.79%, 22, 0, 21, 7224.64, 8418648, 67, 1141328, 0
1161, 1531, 82, 84, 2, 0, 69.79%, 22, 0, 23, 7256.61, 8455277, 67, 1147170, 0
1166, 1531, 47, 84, 0, 0, 69.79%, 22, 0, 23, 7270.86, 8492747, 67, 1153547, 0
1171, 1532, 16, 84, 0, 0, 69.79%, 22, 0, 23, 7041.01, 8528924, 67, 1158856, 0
1176, 1532, 43, 87, 1, 0, 69.79%, 22, 0, 24, 7122.83, 8565401, 67, 1166645, 0
1181, 1532, 44, 87, 1, 0, 69.79%, 22, 0, 24, 7144.64, 8601319, 67, 1171726, 0
1186, 1532, 45, 87, 1, 0, 69.79%, 22, 0, 24, 7202.13, 8638783, 67, 1176762, 0
1191, 1533, 42, 87, 0, 0, 69.79%, 22, 0, 24, 7239.13, 8674948, 67, 1183108, 0
1196, 1533, 24, 87, 0, 0, 69.79%, 22, 0, 24, 7203.32, 8712190, 67, 1188898, 0
1202, 1533, 42, 87, 0, 0, 69.79%, 22, 0, 24, 7280.08, 8749826, 67, 1194926, 0
1207, 1534, 55, 87, 0, 0, 69.79%, 22, 0, 24, 7281.44, 8786081, 67, 1200498, 0
1212, 1534, 43, 87, 0, 0, 69.79%, 22, 0, 24, 7236.46, 8822225, 67, 1206294, 0
1217, 1534, 47, 87, 0, 0, 69.79%, 22, 0, 24, 7196.36, 8859269, 67, 1212195, 0
1222, 1535, 21, 87, 0, 0, 69.79%, 22, 0, 24, 7154.92, 8896273, 67, 1217588, 0
1227, 1535, 42, 87, 0, 0, 69.79%, 22, 0, 24, 7188.08, 8932550, 67, 1222653, 0
1232, 1535, 14, 87, 0, 0, 69.79%, 22, 0, 24, 7098.16, 8968248, 67, 1227321, 0
1237, 1536, 2, 87, 0, 0, 69.79%, 22, 0, 24, 7103.51, 9003533, 67, 1232081, 0
1242, 1536, 55, 87, 0, 0, 69.79%, 22, 0, 24, 7003.44, 9039987, 67, 1237965, 0
1247, 1536, 14, 87, 0, 0, 69.79%, 22, 0, 24, 7189.26, 9075968, 67, 1243798, 0
1252, 1537, 42, 87, 0, 0, 69.79%, 22, 0, 24, 7235.88, 9112519, 67, 1249108, 0
1257, 1537, 71, 87, 0, 0, 69.79%, 22, 0, 24, 7300.46, 9150517, 67, 1254339, 0
1263, 1538, 45, 87, 0, 0, 69.79%, 22, 0, 24, 7240.52, 9188093, 67, 1259646, 0
1268, 1538, 55, 87, 0, 0, 69.79%, 22, 0, 24, 7114.54, 9225576, 67, 1266129, 0
1273, 1538, 4, 87, 0, 0, 69.79%, 22, 0, 24, 7123.18, 9262579, 67, 1271836, 0
1278, 1539, 42, 87, 0, 0, 69.79%, 22, 0, 24, 6924.89, 9298422, 67, 1276555, 0
1283, 1539, 45, 87, 0, 0, 69.79%, 22, 0, 24, 7103.49, 9334506, 67, 1281693, 0
1288, 1539, 36, 87, 0, 0, 69.79%, 22, 0, 24, 6886.46, 9369677, 67, 1287834, 0
1293, 1540, 21, 87, 0, 0, 69.79%, 22, 0, 24, 7095.45, 9405475, 67, 1293687, 0
1299, 1540, 55, 87, 0, 0, 69.79%, 22, 0, 24, 7137.63, 9442348, 67, 1299068, 0
1304, 1540, 11, 87, 0, 0, 69.79%, 22, 0, 24, 7246.50, 9478768, 67, 1304694, 0
1309, 1541, 21, 87, 0, 0, 69.79%, 22, 0, 24, 7239.50, 9514648, 67, 1309912, 0
1314, 1541, 47, 87, 0, 0, 69.79%, 22, 0, 24, 7303.63, 9552428, 67, 1316298, 0
1319, 1541, 11, 87, 0, 0, 69.79%, 22, 0, 24, 7290.64, 9588877, 67, 1322354, 0
1324, 1541, 44, 87, 0, 0, 69.79%, 22, 0, 24, 7145.53, 9625577, 67, 1327403, 0
1329, 1542, 84, 87, 0, 0, 69.79%, 22, 0, 24, 7295.10, 9663715, 67, 1332488, 0
1334, 1542, 40, 87, 0, 0, 69.79%, 22, 0, 24, 7293.38, 9701557, 67, 1337911, 0
1339, 1542, 47, 87, 0, 0, 69.79%, 22, 0, 24, 7203.92, 9737738, 67, 1344273, 0
1345, 1543, 36, 87, 0, 0, 69.79%, 22, 0, 24, 7212.84, 9774918, 67, 1350514, 0
1350, 1543, 36, 87, 0, 0, 69.79%, 22, 0, 24, 7306.37, 9812982, 67, 1355268, 0
1355, 1543, 21, 87, 0, 0, 69.79%, 22, 0, 24, 7330.45, 9851066, 67, 1361453, 0
1360, 1544, 45, 87, 0, 0, 69.79%, 22, 0, 24, 7221.62, 9887322, 67, 1367501, 0
1365, 1544, 43, 87, 0, 0, 69.79%, 22, 0, 24, 7261.83, 9924691, 67, 1373950, 0
1370, 1544, 46, 87, 0, 0, 69.79%, 22, 0, 24, 7271.49, 9962200, 67, 1378891, 0
1375, 1545, 82, 87, 0, 0, 69.79%, 22, 0, 24, 7295.92, 9998596, 67, 1383852, 0
1380, 1545, 65, 87, 0, 0, 69.79%, 22, 0, 24, 7243.52, 10035857, 67, 1390035, 0
1386, 1545, 47, 87, 0, 0, 69.79%, 22, 0, 24, 7205.11, 10072777, 67, 1396145, 0
1391, 1546, 74, 87, 0, 0, 69.79%, 22, 0, 24, 7244.44, 10109445, 67, 1403058, 0
1396, 1546, 16, 87, 0, 0, 69.79%, 22, 0, 24, 7239.34, 10145460, 67, 1408568, 0
1401, 1546, 45, 87, 0, 0, 69.79%, 22, 0, 24, 7287.93, 10183355, 67, 1414470, 0
1406, 1547, 47, 87, 0, 0, 69.79%, 22, 0, 24, 7354.68, 10220115, 67, 1419750, 0
1411, 1547, 46, 87, 0, 0, 69.79%, 22, 0, 24, 7306.89, 10257672, 67, 1425096, 0
1416, 1547, 43, 87, 0, 0, 69.79%, 22, 0, 24, 7323.35, 10295487, 67, 1430596, 0
1421, 1548, 63, 87, 0, 0, 69.79%, 22, 0, 24, 7336.85, 10333399, 67, 1436561, 0
1427, 1548, 21, 87, 0, 0, 69.79%, 22, 0, 24, 7309.63, 10371353, 67, 1442297, 0
1432, 1548, 14, 87, 0, 0, 69.79%, 22, 0, 24, 7274.51, 10409176, 67, 1449224, 0
1437, 1549, 45, 87, 0, 0, 69.79%, 22, 0, 24, 7282.62, 10445619, 67, 1455063, 0
1442, 1549, 79, 87, 0, 0, 69.79%, 22, 0, 24, 7177.75, 10482546, 67, 1460271, 0
1447, 1549, 45, 87, 0, 0, 69.79%, 22, 0, 24, 7259.15, 10519232, 67, 1465612, 0
1452, 1550, 42, 87, 0, 0, 69.79%, 22, 0, 24, 7206.22, 10556624, 67, 1472757, 0
1457, 1550, 46, 87, 0, 0, 69.79%, 22, 0, 24, 7126.20, 10593101, 67, 1478833, 0
1462, 1550, 16, 87, 0, 0, 69.79%, 22, 0, 24, 7210.96, 10630357, 67, 1484734, 0
1468, 1551, 11, 87, 0, 0, 69.79%, 22, 0, 24, 7149.05, 10667359, 67, 1490039, 0
1473, 1551, 43, 87, 0, 0, 69.79%, 22, 0, 24, 7247.64, 10705130, 67, 1495249, 0
1478, 1551, 47, 87, 0, 0, 69.79%, 22, 0, 24, 7251.75, 10742184, 67, 1501089, 0
1483, 1552, 36, 87, 0, 0, 69.79%, 22, 0, 24, 7179.29, 10779174, 67, 1506845, 0
1488, 1552, 4, 87, 0, 0, 69.79%, 22, 0, 24, 7274.71, 10817151, 67, 1513154, 0
1493, 1552, 55, 87, 0, 0, 69.79%, 22, 0, 24, 7271.84, 10854774, 67, 1518547, 0
1499, 1553, 43, 87, 0, 0, 69.79%, 22, 0, 24, 7262.36, 10892057, 67, 1523823, 0
1504, 1553, 36, 87, 0, 0, 69.79%, 22, 0, 24, 7252.38, 10929653, 67, 1529877, 0
1509, 1554, 42, 87, 0, 0, 69.79%, 22, 0, 24, 7245.11, 10965695, 67, 1535166, 0
1514, 1554, 21, 87, 0, 0, 69.79%, 22, 0, 24, 7243.68, 11002139, 67, 1540206, 0
1519, 1554, 8, 87, 0, 0, 69.79%, 22, 0, 24, 7212.52, 11038529, 67, 1545370, 0
1524, 1554, 38, 87, 0, 0, 69.79%, 22, 0, 24, 7189.47, 11074951, 67, 1550776, 0
1529, 1555, 45, 87, 0, 0, 69.79%, 22, 0, 24, 7231.09, 11112617, 67, 1556608, 0
1534, 1555, 4, 87, 0, 0, 69.79%, 22, 0, 24, 7235.76, 11150041, 67, 1562267, 0
1539, 1555, 31, 87, 0, 0, 69.79%, 22, 0, 24, 7272.49, 11186643, 67, 1567631, 0
1544, 1556, 46, 87, 0, 0, 69.79%, 22, 0, 24, 7206.65, 11222681, 67, 1573312, 0
1549, 1556, 55, 87, 0, 0, 69.79%, 22, 0, 24, 7298.16, 11259416, 67, 1578892, 0
1555, 1556, 42, 87, 0, 0, 69.79%, 22, 0, 24, 7284.63, 11297388, 67, 1584449, 0
1560, 1557, 55, 88, 0, 0, 69.79%, 22, 0, 25, 7277.13, 11335353, 67, 1590528, 0
1565, 1557, 42, 88, 0, 0, 69.79%, 22, 0, 25, 7315.87, 11372869, 67, 1597284, 0
1570, 1557, 14, 88, 0, 0, 69.79%, 22, 0, 25, 7232.72, 11410254, 67, 1603688, 0
1575, 1558, 42, 88, 0, 0, 69.79%, 22, 0, 25, 7219.35, 11447467, 67, 1609045, 0
1580, 1558, 28, 88, 0, 0, 69.79%, 22, 0, 25, 7297.58, 11484371, 67, 1614005, 0
1585, 1558, 14, 88, 0, 0, 69.79%, 22, 0, 25, 7230.59, 11520592, 67, 1620862, 0
1590, 1559, 42, 88, 0, 0, 69.79%, 22, 0, 25, 7248.89, 11557244, 67, 1626380, 0
1595, 1559, 81, 88, 0, 0, 69.79%, 22, 0, 25, 7171.03, 11594256, 67, 1632506, 0
1601, 1559, 71, 88, 0, 0, 69.79%, 22, 0, 25, 7262.48, 11631746, 67, 1638400, 0
1606, 1560, 33, 88, 0, 0, 69.79%, 22, 0, 25, 7395.73, 11669434, 67, 1644113, 0
1611, 1560, 45, 88, 0, 0, 69.79%, 22, 0, 25, 7355.91, 11706621, 67, 1649997, 0
1616, 1560, 43, 88, 0, 0, 69.79%, 22, 0, 25, 7367.21, 11745075, 67, 1656113, 0
1621, 1561, 26, 88, 0, 0, 69.79%, 22, 0, 25, 7196.75, 11781070, 67, 1662157, 0
1626, 1561, 44, 88, 0, 0, 69.79%, 22, 0, 25, 7315.06, 11819020, 67, 1668459, 0
1631, 1561, 36, 88, 0, 0, 69.79%, 22, 0, 25, 7261.31, 11856049, 67, 1674296, 0
1636, 1562, 16, 88, 0, 0, 69.79%, 22, 0, 25, 7331.29, 11893307, 67, 1680207, 0
1641, 1562, 52, 88, 0, 0, 69.79%, 22, 0, 25, 7271.77, 11929531, 67, 1686011, 0
1646, 1562, 42, 88, 0, 0, 69.79%, 22, 0, 25, 7115.46, 11966427, 67, 1691765, 0
1651, 1563, 36, 88, 0, 0, 69.79%, 22, 0, 25, 7245.81, 12002894, 67, 1697302, 0
1657, 1563, 43, 88, 0, 0, 69.79%, 22, 0, 25, 7287.73, 12040753, 67, 1703216, 0
1662, 1563, 45, 88, 0, 0, 69.79%, 22, 0, 25, 7239.73, 12077894, 67, 1708644, 0
1667, 1564, 79, 88, 0, 0, 69.79%, 22, 0, 25, 7225.48, 12114254, 67, 1714376, 0
1672, 1564, 55, 88, 0, 0, 69.79%, 22, 0, 25, 7267.07, 12150916, 67, 1720087, 0
1677, 1564, 55, 88, 0, 0, 69.79%, 22, 0, 25, 7273.20, 12187286, 67, 1725131, 0
1682, 1565, 47, 88, 0, 0, 69.79%, 22, 0, 25, 7328.09, 12225320, 67, 1730504, 0
1687, 1565, 45, 88, 0, 0, 69.79%, 22, 0, 25, 7327.75, 12263374, 67, 1735886, 0
1692, 1565, 21, 88, 0, 0, 69.79%, 22, 0, 25, 7283.71, 12299843, 67, 1740964, 0
1697, 1566, 9, 88, 0, 0, 69.79%, 22, 0, 25, 7190.85, 12335412, 67, 1747526, 0
1703, 1566, 42, 88, 0, 0, 69.79%, 22, 0, 25, 7253.43, 12372926, 67, 1753099, 0
1708, 1566, 45, 88, 0, 0, 69.79%, 22, 0, 25, 7252.95, 12410513, 67, 1759419, 0
1713, 1567, 55, 88, 0, 0, 69.79%, 22, 0, 25, 7221.55, 12447736, 67, 1765226, 0
1718, 1567, 75, 88, 0, 0, 69.79%, 22, 0, 25, 7200.95, 12484665, 67, 1770877, 0
1723, 1567, 46, 88, 0, 0, 69.79%, 22, 0, 25, 7237.07, 12522069, 67, 1776339, 0
1728, 1568, 45, 88, 0, 0, 69.79%, 22, 0, 25, 7263.90, 12559447, 67, 1782387, 0
1733, 1568, 21, 88, 0, 0, 69.79%, 22, 0, 25, 7259.10, 12596933, 67, 1789060, 0
1739, 1568, 52, 88, 0, 0, 69.79%, 22, 0, 25, 7165.35, 12633841, 67, 1794643, 0
1744, 1569, 21, 88, 0, 0, 69.79%, 22, 0, 25, 7219.10, 12671634, 67, 1800581, 0
1749, 1569, 36, 88, 0, 0, 69.79%, 22, 0, 25, 7322.74, 12708429, 67, 1806187, 0
1754, 1569, 42, 88, 0, 0, 69.79%, 22, 0, 25, 7287.35, 12745694, 67, 1811834, 0
1759, 1570, 43, 88, 0, 0, 69.79%, 22, 0, 25, 7242.46, 12782869, 67, 1817239, 0
1764, 1570, 21, 88, 0, 0, 69.79%, 22, 0, 25, 7221.14, 12820226, 67, 1822446, 0
1769, 1570, 45, 88, 0, 0, 69.79%, 22, 0, 25, 7262.06, 12856897, 67, 1828505, 0
1775, 1571, 21, 88, 0, 0, 69.79%, 23, 0, 25, 7293.31, 12894599, 67, 1834084, 0
1780, 1571, 55, 88, 0, 0, 69.79%, 23, 0, 25, 7220.76, 12931869, 67, 1840026, 0
1785, 1571, 78, 88, 0, 0, 69.79%, 23, 0, 25, 7204.64, 12968931, 67, 1845628, 0
1790, 1572, 42, 88, 0, 0, 69.79%, 23, 0, 25, 7173.44, 13005891, 67, 1851194, 0
1795, 1572, 45, 88, 0, 0, 69.79%, 23, 0, 25, 7260.16, 13043392, 67, 1856798, 0
1800, 1573, 19, 88, 0, 0, 69.79%, 23, 0, 25, 7262.72, 13080675, 67, 1863090, 0
1805, 1573, 75, 88, 0, 0, 69.79%, 23, 0, 25, 7245.28, 13118230, 67, 1868582, 0
1810, 1573, 76, 88, 0, 0, 69.79%, 23, 0, 25, 7224.15, 13154280, 67, 1874783, 0
1816, 1574, 5, 88, 0, 0, 69.79%, 23, 0, 25, 7302.83, 13192287, 67, 1881047, 0
1821, 1574, 46, 88, 0, 0, 69.79%, 23, 0, 25, 7195.07, 13229403, 67, 1886933, 0
1826, 1574, 78, 88, 0, 0, 69.79%, 23, 0, 25, 7157.25, 13265097, 67, 1892287, 0
1831, 1575, 47, 88, 0, 0, 69.79%, 23, 0, 25, 7176.09, 13302201, 67, 1899196, 0
1836, 1575, 55, 88, 0, 0, 69.79%, 23, 0, 25, 7275.81, 13340160, 67, 1906079, 0
1841, 1575, 44, 88, 0, 0, 69.79%, 23, 0, 25, 7283.71, 13377432, 67, 1912333, 0
1847, 1576, 21, 88, 0, 0, 69.79%, 23, 0, 25, 7198.76, 13414468, 67, 1917695, 0
1852, 1576, 74, 88, 0, 0, 69.79%, 23, 0, 25, 7216.55, 13452025, 67, 1924026, 0
1857, 1576, 42, 88, 0, 0, 69.79%, 23, 0, 25, 7321.78, 13489822, 67, 1929970, 0
1862, 1577, 56, 88, 0, 0, 69.79%, 23, 0, 25, 7276.49, 13527533, 67, 1935190, 0
1867, 1577, 36, 88, 0, 0, 69.79%, 23, 0, 25, 7193.06, 13564780, 67, 1940540, 0
1872, 1577, 48, 88, 0, 0, 69.79%, 23, 0, 25, 7195.03, 13600694, 67, 1946108, 0
1877, 1578, 43, 88, 0, 0, 69.79%, 23, 0, 25, 7091.81, 13636583, 67, 1951569, 0
1882, 1578, 42, 88, 0, 0, 69.79%, 23, 0, 25, 7245.98, 13673079, 67, 1957714, 0
1888, 1578, 84, 88, 0, 0, 69.79%, 23, 0, 25, 7291.38, 13710991, 67, 1963603, 0
1893, 1579, 45, 88, 0, 0, 69.79%, 23, 0, 25, 7160.22, 13746779, 67, 1969108, 0
1898, 1579, 36, 88, 0, 0, 69.79%, 23, 0, 25, 7224.54, 13784055, 67, 1974655, 0
1903, 1579, 47, 88, 0, 0, 69.79%, 23, 0, 25, 7295.89, 13820718, 67, 1979217, 0
1908, 1580, 29, 88, 0, 0, 69.79%, 23, 0, 25, 7219.33, 13857761, 67, 1984765, 0
1913, 1580, 43, 88, 0, 0, 69.79%, 23, 0, 25, 7177.52, 13893717, 67, 1989796, 0
1918, 1580, 55, 88, 0, 0, 69.79%, 23, 0, 25, 7261.81, 13930263, 67, 1994988, 0
1923, 1581, 46, 88, 0, 0, 69.79%, 23, 0, 25, 7312.97, 13968151, 67, 2000712, 0
1928, 1581, 80, 88, 0, 0, 69.79%, 23, 0, 25, 7311.48, 14005069, 67, 2006867, 0
1933, 1581, 46, 88, 0, 0, 69.79%, 23, 0, 25, 7267.20, 14041861, 67, 2012894, 0
1938, 1582, 21, 88, 0, 0, 69.79%, 23, 0, 25, 7179.08, 14078563, 67, 2018038, 0
1943, 1582, 5, 88, 0, 0, 69.79%, 23, 0, 25, 7245.19, 14116054, 67, 2023605, 0
1949, 1582, 45, 88, 0, 0, 69.79%, 23, 0, 25, 7346.10, 14153042, 67, 2028359, 0
1954, 1583, 4, 88, 0, 0, 69.79%, 23, 0, 25, 7230.28, 14188909, 67, 2034184, 0
1959, 1583, 21, 88, 0, 0, 69.79%, 23, 0, 25, 7340.91, 14226487, 67, 2040615, 0
1964, 1583, 42, 88, 0, 0, 69.79%, 23, 0, 25, 7281.97, 14264167, 67, 2045933, 0
1969, 1584, 55, 88, 0, 0, 69.79%, 23, 0, 25, 7343.03, 14302459, 67, 2051456, 0
1974, 1584, 47, 88, 0, 0, 69.79%, 23, 0, 25, 7246.38, 14340055, 67, 2057152, 0
1979, 1584, 12, 88, 0, 0, 69.79%, 23, 0, 25, 7215.18, 14377236, 67, 2063268, 0
1984, 1585, 55, 88, 0, 0, 69.79%, 23, 0, 25, 7210.06, 14413379, 67, 2069334, 0
1990, 1585, 47, 88, 0, 0, 69.79%, 23, 0, 25, 7273.86, 14451114, 67, 2074414, 0
1995, 1585, 55, 88, 0, 0, 69.79%, 23, 0, 25, 7325.24, 14488601, 67, 2079249, 0
2000, 1586, 21, 88, 0, 0, 69.79%, 23, 0, 25, 7313.78, 14526177, 67, 2084463, 0
2005, 1586, 11, 88, 0, 0, 69.79%, 23, 0, 25, 7193.82, 14563138, 67, 2090343, 0
2010, 1586, 46, 88, 0, 0, 69.79%, 23, 0, 25, 7186.12, 14600206, 67, 2095669, 0
2015, 1587, 46, 88, 0, 0, 69.79%, 23, 0, 25, 7068.06, 14635447, 67, 2101149, 0
2020, 1587, 35, 88, 0, 0, 69.79%, 23, 0, 25, 7208.97, 14673332, 67, 2107927, 0
2026, 1587, 46, 88, 0, 0, 69.79%, 23, 0, 25, 7294.97, 14711169, 67, 2114571, 0
2031, 1588, 83, 88, 0, 0, 69.79%, 23, 0, 25, 7328.41, 14748305, 67, 2119833, 0
2036, 1588, 45, 88, 0, 0, 69.79%, 23, 0, 25, 7253.84, 14784489, 67, 2124949, 0
2041, 1588, 55, 88, 0, 0, 69.79%, 23, 0, 25, 7318.11, 14821075, 67, 2130649, 0
2046, 1588, 40, 88, 0, 0, 69.79%, 23, 0, 25, 7268.75, 14857374, 67, 2136491, 0
2051, 1589, 27, 88, 0, 0, 69.79%, 23, 0, 25, 7264.96, 14894693, 67, 2142267, 0
2056, 1589, 21, 88, 0, 0, 69.79%, 23, 0, 25, 7314.07, 14931518, 67, 2147652, 0
2061, 1590, 42, 88, 0, 0, 69.79%, 23, 0, 25, 7306.38, 14969526, 67, 2152796, 0
2066, 1590, 49, 88, 0, 0, 69.79%, 23, 0, 25, 7288.55, 15007157, 67, 2157986, 0
2071, 1590, 47, 88, 0, 0, 69.79%, 23, 0, 25, 7308.34, 15044177, 67, 2164717, 0
2076, 1590, 55, 88, 0, 0, 69.79%, 23, 0, 25, 7301.05, 15082174, 67, 2169944, 0
2082, 1591, 74, 88, 0, 0, 69.79%, 23, 0, 25, 7244.08, 15119827, 67, 2175786, 0
2087, 1591, 16, 88, 0, 0, 69.79%, 23, 0, 25, 7273.99, 15157504, 67, 2182262, 0
2092, 1591, 19, 88, 0, 0, 69.79%, 23, 0, 25, 7315.01, 15195498, 67, 2187848, 0
2097, 1592, 46, 88, 0, 0, 69.79%, 23, 0, 25, 7302.05, 15232187, 67, 2193447, 0
2102, 1592, 42, 88, 0, 0, 69.79%, 23, 0, 25, 7352.72, 15268997, 67, 2199719, 0
2107, 1592, 14, 88, 0, 0, 69.79%, 23, 0, 25, 7211.70, 15305970, 67, 2205324, 0
2112, 1593, 46, 88, 0, 0, 69.79%, 23, 0, 25, 7261.17, 15343269, 67, 2210755, 0
2118, 1593, 39, 88, 0, 0, 69.79%, 23, 0, 25, 7288.56, 15381138, 67, 2216425, 0
2123, 1593, 47, 88, 0, 0, 69.79%, 23, 0, 25, 7309.04, 15419184, 67, 2222609, 0
2128, 1594, 2, 88, 0, 0, 69.79%, 23, 0, 25, 7359.08, 15456068, 67, 2228422, 0
2133, 1594, 19, 88, 0, 0, 69.79%, 23, 0, 25, 7254.31, 15492290, 67, 2233760, 0
2138, 1594, 4, 88, 0, 0, 69.79%, 23, 0, 25, 7277.91, 15530223, 67, 2240008, 0
2143, 1595, 55, 88, 0, 0, 69.79%, 23, 0, 25, 7200.34, 15566019, 67, 2246276, 0
2148, 1595, 42, 88, 0, 0, 69.79%, 23, 0, 25, 7164.74, 15603301, 67, 2252111, 0
2153, 1595, 43, 88, 0, 0, 69.79%, 23, 0, 25, 7190.02, 15639065, 67, 2257659, 0
2158, 1596, 46, 88, 0, 0, 69.79%, 23, 0, 25, 7288.25, 15675769, 67, 2263375, 0
2163, 1596, 36, 88, 0, 0, 69.79%, 23, 0, 25, 7353.02, 15713756, 67, 2269352, 0
2169, 1596, 21, 88, 0, 0, 69.79%, 23, 0, 25, 7269.10, 15751317, 67, 2274306, 0
2174, 1597, 55, 88, 0, 0, 69.79%, 23, 0, 25, 7285.51, 15788263, 67, 2279609, 0
2179, 1597, 27, 88, 0, 0, 69.79%, 23, 0, 25, 7251.12, 15825406, 67, 2285084, 0
2184, 1597, 4, 88, 0, 0, 69.79%, 23, 0, 25, 7283.52, 15862026, 67, 2291648, 0
2189, 1598, 67, 88, 0, 0, 69.79%, 23, 0, 25, 7304.32, 15898893, 67, 2297255, 0
2194, 1598, 21, 88, 0, 0, 69.79%, 23, 0, 25, 7248.68, 15934614, 67, 2303760, 0
2199, 1598, 14, 88, 0, 0, 69.79%, 23, 0, 25, 7350.41, 15972832, 67, 2309538, 0
2204, 1599, 42, 88, 0, 0, 69.79%, 23, 0, 25, 7322.10, 16010987, 67, 2315889, 0
2209, 1599, 43, 88, 0, 0, 69.79%, 23, 0, 25, 7310.19, 16048830, 67, 2320799, 0
2215, 1600, 4, 88, 0, 0, 69.79%, 23, 0, 25, 7251.23, 16086294, 67, 2326844, 0
2220, 1600, 62, 88, 0, 0, 69.79%, 23, 0, 25, 7327.67, 16123362, 67, 2332278, 0
2225, 1600, 36, 88, 0, 0, 69.79%, 23, 0, 25, 7383.98, 16160626, 67, 2337630, 0
2230, 1601, 21, 88, 0, 0, 69.79%, 23, 0, 25, 7260.02, 16198113, 67, 2343524, 0
2235, 1601, 47, 88, 0, 0, 69.79%, 23, 0, 25, 7258.09, 16235489, 67, 2349953, 0
2240, 1601, 42, 88, 0, 0, 69.79%, 23, 0, 25, 7257.90, 16273101, 67, 2355819, 0
2245, 1602, 46, 88, 0, 0, 69.79%, 23, 0, 25, 7236.33, 16310331, 67, 2361829, 0
2250, 1602, 43, 88, 0, 0, 69.79%, 23, 0, 25, 7344.89, 16347328, 67, 2366704, 0
2255, 1602, 56, 88, 0, 0, 69.79%, 23, 0, 25, 7309.32, 16383719, 67, 2372698, 0
2261, 1603, 43, 88, 0, 0, 69.79%, 23, 0, 25, 7346.44, 16421803, 67, 2378468, 0
2266, 1603, 14, 88, 0, 0, 69.79%, 23, 0, 25, 7308.07, 16459650, 67, 2385340, 0
2271, 1603, 5, 88, 0, 0, 69.79%, 23, 0, 25, 7283.10, 16496460, 67, 2391514, 0
2276, 1604, 42, 88, 0, 0, 69.79%, 23, 0, 25, 7260.03, 16534103, 67, 2397053, 0
2281, 1604, 45, 88, 0, 0, 69.79%, 23, 0, 25, 7309.37, 16570818, 67, 2402460, 0
2286, 1604, 47, 88, 0, 0, 69.79%, 23, 0, 25, 7394.55, 16609273, 67, 2407368, 0
2291, 1605, 47, 88, 0, 0, 69.79%, 23, 0, 25, 7234.79, 16645666, 67, 2411905, 0
2296, 1605, 21, 88, 0, 0, 69.79%, 23, 0, 25, 7264.09, 16682948, 67, 2417080, 0
2302, 1605, 21, 88, 0, 0, 69.79%, 23, 0, 25, 7198.41, 16719546, 67, 2422705, 0
2307, 1606, 4, 88, 0, 0, 69.79%, 23, 0, 25, 7313.52, 16756620, 67, 2428492, 0
2312, 1606, 47, 88, 0, 0, 69.79%, 23, 0, 25, 7296.15, 16793381, 67, 2434520, 0
2317, 1606, 4, 88, 0, 0, 69.79%, 23, 0, 25, 7295.60, 16831174, 67, 2440381, 0
2322, 1607, 11, 88, 0, 0, 69.79%, 23, 0, 25, 7362.85, 16869220, 67, 2445163, 0
2327, 1607, 45, 88, 0, 0, 69.79%, 23, 0, 25, 7295.51, 16905984, 67, 2449599, 0
2332, 1607, 55, 88, 0, 0, 69.79%, 23, 0, 25, 7231.12, 16942575, 67, 2454708, 0
2337, 1608, 42, 88, 0, 0, 69.79%, 23, 0, 25, 7274.00, 16979901, 67, 2460833, 0
2342, 1608, 47, 88, 0, 0, 69.79%, 23, 0, 25, 7412.49, 17017621, 67, 2467073, 0
2347, 1608, 47, 88, 0, 0, 69.79%, 23, 0, 25, 7368.41, 17055786, 67, 2473160, 0
2353, 1609, 45, 88, 0, 0, 69.79%, 23, 0, 25, 7404.77, 17093008, 67, 2479344, 0
2358, 1609, 14, 88, 0, 0, 69.79%, 23, 0, 25, 7378.09, 17129880, 67, 2485085, 0
2363, 1609, 14, 88, 0, 0, 69.79%, 23, 0, 25, 7423.18, 17167310, 67, 2490833, 0
2368, 1610, 47, 88, 0, 0, 69.79%, 23, 0, 25, 7214.11, 17204703, 67, 2496767, 0
2373, 1610, 14, 88, 0, 0, 69.79%, 23, 0, 25, 7267.58, 17242377, 67, 2502536, 0
2378, 1610, 21, 88, 0, 0, 69.79%, 23, 0, 25, 7375.76, 17279485, 67, 2508015, 0
2383, 1611, 47, 88, 0, 0, 69.79%, 23, 0, 25, 7188.99, 17317214, 67, 2513960, 0
2388, 1611, 55, 88, 0, 0, 69.79%, 23, 0, 25, 6897.12, 17352003, 67, 2519813, 0
2393, 1611, 47, 88, 0, 0, 69.79%, 23, 0, 25, 6887.45, 17386836, 67, 2525696, 0
2398, 1612, 43, 88, 0, 0, 69.79%, 23, 0, 25, 7140.02, 17422885, 67, 2530778, 0
2403, 1612, 36, 88, 0, 0, 69.79%, 23, 0, 25, 7269.88, 17460352, 67, 2536382, 0
2409, 1612, 43, 88, 0, 0, 69.79%, 23, 0, 25, 7263.07, 17497570, 67, 2542230, 0
2414, 1613, 45, 89, 0, 0, 69.79%, 23, 0, 25, 7216.35, 17535077, 67, 2548139, 0
2419, 1613, 56, 89, 0, 0, 69.79%, 23, 0, 25, 7271.84, 17572822, 67, 2553286, 0
2424, 1613, 42, 89, 0, 0, 69.79%, 23, 0, 25, 7305.90, 17609683, 67, 2559202, 0
2429, 1614, 11, 89, 0, 0, 69.79%, 23, 0, 25, 7225.98, 17647019, 67, 2564258, 0
2434, 1614, 42, 89, 0, 0, 69.79%, 23, 0, 25, 7272.68, 17683596, 67, 2570428, 0
2439, 1614, 21, 89, 0, 0, 69.79%, 23, 0, 25, 7200.90, 17720653, 67, 2576966, 0
2444, 1615, 21, 89, 0, 0, 69.79%, 23, 0, 25, 7375.21, 17758130, 67, 2582126, 0
2450, 1615, 48, 89, 0, 0, 69.79%, 23, 0, 25, 7206.19, 17795276, 67, 2588589, 0
2455, 1615, 42, 89, 0, 0, 69.79%, 23, 0, 25, 7313.38, 17833351, 67, 2594002, 0
2460, 1616, 14, 89, 0, 0, 69.79%, 23, 0, 25, 7222.82, 17869701, 67, 2599288, 0
2465, 1616, 45, 89, 0, 0, 69.79%, 23, 0, 25, 7251.49, 17907270, 67, 2604949, 0
2470, 1616, 45, 89, 0, 0, 69.79%, 23, 0, 25, 7307.71, 17944557, 67, 2610578, 0
2475, 1617, 4, 89, 0, 0, 69.79%, 23, 0, 25, 7279.36, 17981193, 67, 2616698, 0
2480, 1617, 55, 89, 0, 0, 69.79%, 23, 0, 25, 7284.17, 18017903, 67, 2622739, 0
2485, 1617, 56, 89, 0, 0, 69.79%, 23, 0, 25, 7300.56, 18055538, 67, 2628397, 0
2490, 1618, 42, 89, 0, 0, 69.79%, 23, 0, 25, 7221.17, 18091536, 67, 2633897, 0
2495, 1618, 79, 89, 0, 0, 69.79%, 23, 0, 25, 7244.28, 18129154, 67, 2639609, 0
2501, 1618, 16, 89, 0, 0, 69.79%, 23, 0, 25, 7207.98, 18166215, 67, 2646164, 0
2506, 1619, 60, 89, 0, 0, 69.79%, 23, 0, 25, 7263.40, 18202814, 67, 2652458, 0
2511, 1619, 21, 89, 0, 0, 69.79%, 23, 0, 25, 7272.31, 18240150, 67, 2658379, 0
2516, 1619, 21, 89, 0, 0, 69.79%, 23, 0, 25, 7284.30, 18277865, 67, 2664662, 0
2521, 1620, 12, 89, 0, 0, 69.79%, 23, 0, 25, 7230.17, 18315091, 67, 2670412, 0
2526, 1620, 11, 89, 0, 0, 69.79%, 23, 0, 25, 7313.58, 18351907, 67, 2676194, 0
2531, 1620, 16, 89, 0, 0, 69.79%, 23, 0, 25, 7276.77, 18389505, 67, 2682284, 0
2536, 1621, 46, 89, 0, 0, 69.79%, 23, 0, 25, 7241.11, 18425754, 67, 2687543, 0
2541, 1621, 71, 89, 0, 0, 69.79%, 23, 0, 25, 7295.95, 18463524, 67, 2693735, 0
2546, 1621, 21, 89, 0, 0, 69.79%, 23, 0, 25, 7337.22, 18500510, 67, 2698802, 0
2552, 1622, 43, 89, 0, 0, 69.79%, 23, 0, 25, 7364.52, 18537915, 67, 2705131, 0
2557, 1622, 36, 89, 0, 0, 69.79%, 23, 0, 25, 7279.31, 18575535, 67, 2710913, 0
2562, 1622, 5, 89, 0, 0, 69.79%, 23, 0, 25, 7156.60, 18612415, 67, 2716944, 0
2567, 1623, 83, 89, 0, 0, 69.79%, 23, 0, 25, 7239.04, 18649837, 67, 2722631, 0
2572, 1623, 47, 89, 0, 0, 69.79%, 23, 0, 25, 7238.97, 18687473, 67, 2728127, 0
2577, 1623, 45, 89, 0, 0, 69.79%, 23, 0, 25, 7273.85, 18725169, 67, 2734287, 0
2583, 1624, 33, 89, 0, 0, 69.79%, 23, 0, 25, 7270.98, 18762752, 67, 2740183, 0
2588, 1624, 36, 89, 0, 0, 69.79%, 23, 0, 25, 7337.26, 18799766, 67, 2746357, 0
2593, 1624, 36, 89, 0, 0, 69.79%, 23, 0, 25, 7288.83, 18837243, 67, 2752522, 0
2598, 1625, 21, 89, 0, 0, 69.79%, 23, 0, 25, 7335.23, 18875485, 67, 2758557, 0
2603, 1625, 45, 89, 0, 0, 69.79%, 23, 0, 25, 7293.07, 18912570, 67, 2764833, 0
2608, 1625, 46, 89, 0, 0, 69.79%, 23, 0, 25, 7362.69, 18949630, 67, 2769832, 0
2613, 1626, 62, 89, 0, 0, 69.79%, 23, 0, 25, 7311.43, 18986224, 67, 2775761, 0
2618, 1626, 14, 89, 0, 0, 69.79%, 23, 0, 25, 7322.43, 19023086, 67, 2781198, 0
2623, 1626, 45, 89, 0, 0, 69.79%, 23, 0, 25, 7231.71, 19060392, 67, 2787325, 0
2628, 1626, 49, 89, 0, 0, 69.79%, 23, 0, 25, 7178.19, 19096289, 67, 2792410, 0
2634, 1627, 2, 89, 0, 0, 69.79%, 23, 0, 25, 7246.85, 19133784, 67, 2797696, 0
2639, 1627, 42, 89, 0, 0, 69.79%, 23, 0, 25, 7258.75, 19170373, 67, 2803285, 0
2644, 1627, 21, 89, 0, 0, 69.79%, 23, 0, 25, 7262.35, 19207809, 67, 2809002, 0
2649, 1628, 32, 89, 0, 0, 69.79%, 23, 0, 25, 7267.33, 19245283, 67, 2814794, 0
2654, 1628, 51, 89, 0, 0, 69.79%, 23, 0, 25, 7238.66, 19282484, 67, 2821115, 0
2659, 1629, 36, 89, 0, 0, 69.79%, 23, 0, 25, 7237.30, 19319954, 67, 2827092, 0
2664, 1629, 43, 89, 0, 0, 69.79%, 23, 0, 25, 7302.62, 19357822, 67, 2833012, 0
2669, 1629, 14, 89, 0, 0, 69.79%, 23, 0, 25, 7256.63, 19394452, 67, 2839093, 0
2675, 1629, 36, 89, 0, 0, 69.79%, 23, 0, 25, 7234.92, 19431621, 67, 2845412, 0
2680, 1630, 14, 89, 0, 0, 69.79%, 23, 0, 25, 7204.92, 19467581, 67, 2850173, 0
2685, 1630, 21, 89, 0, 0, 69.79%, 23, 0, 25, 7209.76, 19504753, 67, 2855751, 0
2690, 1631, 77, 89, 0, 0, 69.79%, 23, 0, 25, 7264.61, 19542548, 67, 2861473, 0
2695, 1631, 45, 89, 0, 0, 69.79%, 23, 0, 25, 7275.63, 19580131, 67, 2867884, 0
2700, 1631, 14, 89, 0, 0, 69.79%, 23, 0, 25, 7247.06, 19617776, 67, 2873718, 0
2705, 1631, 5, 89, 0, 0, 69.79%, 23, 0, 25, 7334.66, 19654626, 67, 2879287, 0
2710, 1632, 46, 89, 0, 0, 69.79%, 23, 0, 25, 7341.89, 19691693, 67, 2885328, 0
2716, 1632, 5, 89, 0, 0, 69.79%, 23, 0, 25, 7231.12, 19729128, 67, 2891511, 0
2721, 1633, 47, 89, 0, 0, 69.79%, 23, 0, 25, 7319.06, 19765877, 67, 2897697, 0
2726, 1633, 5, 89, 0, 0, 69.79%, 23, 0, 25, 7247.45, 19803782, 67, 2903143, 0
2731, 1633, 43, 89, 0, 0, 69.79%, 23, 0, 25, 7283.69, 19840434, 67, 2908545, 0
2736, 1633, 12, 89, 0, 0, 69.79%, 23, 0, 25, 7195.98, 19876494, 67, 2914647, 0
2741, 1634, 47, 89, 0, 0, 69.79%, 23, 0, 25, 7296.87, 19913630, 67, 2920784, 0
2746, 1634, 45, 89, 0, 0, 69.79%, 23, 0, 25, 7287.91, 19950409, 67, 2927113, 0
2751, 1634, 17, 90, 1, 0, 69.79%, 23, 0, 25, 7262.33, 19987144, 67, 2933471, 0
2756, 1635, 34, 90, 0, 0, 69.79%, 23, 0, 25, 7126.79, 20022735, 67, 2938696, 0
2761, 1635, 42, 91, 1, 0, 69.79%, 23, 0, 25, 7102.39, 20058375, 67, 2944285, 0
2766, 1635, 55, 91, 1, 0, 69.79%, 23, 0, 25, 7171.92, 20095398, 67, 2949902, 0
2771, 1636, 23, 91, 1, 0, 69.79%, 23, 0, 25, 7321.65, 20132152, 67, 2956440, 0
2776, 1636, 86, 91, 1, 0, 69.79%, 23, 0, 25, 7225.99, 20169528, 67, 2962002, 0
2781, 1636, 46, 91, 1, 0, 69.79%, 23, 0, 25, 7211.61, 20205486, 67, 2966846, 0
2787, 1636, 45, 91, 0, 0, 69.79%, 23, 0, 25, 7158.60, 20241972, 67, 2972719, 0
2792, 1637, 36, 91, 0, 0, 69.79%, 23, 0, 25, 7312.25, 20279062, 67, 2978169, 0
2797, 1637, 43, 91, 0, 0, 69.79%, 23, 0, 25, 7257.40, 20315603, 67, 2982770, 0
2802, 1637, 42, 91, 0, 0, 69.79%, 23, 0, 25, 7311.91, 20353622, 67, 2988420, 0
2807, 1638, 36, 91, 0, 0, 69.79%, 23, 0, 25, 7247.84, 20390888, 67, 2994359, 0
2812, 1638, 46, 91, 0, 0, 69.79%, 23, 0, 25, 7041.90, 20427709, 67, 2999927, 0
2817, 1638, 36, 91, 0, 0, 69.79%, 23, 0, 25, 6566.52, 20460527, 67, 3004351, 0
2822, 1639, 43, 93, 2, 0, 69.79%, 23, 0, 25, 6777.49, 20494819, 67, 3011104, 0
2827, 1639, 42, 93, 0, 0, 69.79%, 23, 0, 25, 6775.39, 20529027, 67, 3017437, 0
2832, 1639, 55, 93, 0, 0, 69.79%, 23, 0, 25, 7176.66, 20565736, 67, 3023733, 0
2837, 1639, 46, 93, 0, 0, 69.79%, 23, 0, 25, 6842.02, 20599750, 67, 3028338, 0
2842, 1640, 43, 93, 0, 0, 69.79%, 23, 0, 25, 7007.31, 20634891, 67, 3033984, 0
2848, 1640, 92, 93, 0, 0, 69.79%, 23, 0, 25, 6778.31, 20669004, 67, 3039022, 0
2853, 1640, 14, 93, 0, 0, 69.79%, 23, 0, 25, 6725.59, 20703253, 67, 3044078, 0
2858, 1641, 42, 93, 0, 0, 69.79%, 23, 0, 25, 6835.02, 20737734, 67, 3048461, 0
2863, 1641, 47, 93, 0, 0, 69.79%, 23, 0, 25, 6985.18, 20773099, 67, 3055042, 0
2868, 1641, 16, 93, 0, 0, 69.79%, 23, 0, 25, 7212.46, 20809516, 67, 3061364, 0
2873, 1642, 47, 93, 0, 0, 69.79%, 23, 0, 25, 7251.35, 20847090, 67, 3067623, 0
2878, 1642, 55, 93, 0, 0, 69.79%, 23, 0, 25, 7281.92, 20884346, 67, 3073038, 0
2883, 1642, 43, 93, 0, 0, 69.79%, 23, 0, 25, 7057.54, 20920486, 67, 3078391, 0
2888, 1642, 14, 93, 0, 0, 69.79%, 23, 0, 25, 7178.66, 20957505, 67, 3084434, 0
2893, 1643, 55, 93, 0, 0, 69.79%, 23, 0, 25, 7276.33, 20995327, 67, 3090557, 0
2898, 1643, 91, 93, 0, 0, 69.79%, 23, 0, 25, 7266.70, 21031405, 67, 3096328, 0
2904, 1643, 42, 93, 0, 0, 69.79%, 23, 0, 25, 7297.52, 21069001, 67, 3102370, 0
2909, 1644, 47, 93, 0, 0, 69.79%, 23, 0, 25, 7280.33, 21106592, 67, 3108629, 0
2914, 1644, 55, 93, 0, 0, 69.79%, 23, 0, 25, 7156.00, 21143364, 67, 3113927, 0
2919, 1644, 80, 93, 0, 0, 69.79%, 23, 0, 25, 7314.10, 21181770, 67, 3119378, 0
2924, 1645, 47, 93, 0, 0, 69.79%, 23, 0, 25, 7232.90, 21218998, 67, 3126769, 0
2929, 1645, 47, 93, 0, 0, 69.79%, 23, 0, 25, 7047.24, 21255915, 67, 3131843, 0
2934, 1645, 47, 93, 0, 0, 69.79%, 23, 0, 25, 6795.92, 21289967, 67, 3137429, 0
2939, 1645, 47, 93, 0, 0, 69.79%, 23, 0, 25, 6912.04, 21324107, 67, 3142867, 0
2945, 1646, 47, 93, 0, 0, 69.79%, 23, 0, 25, 7182.92, 21361034, 67, 3148039, 0
2950, 1646, 43, 93, 0, 0, 69.79%, 23, 0, 25, 7208.36, 21397744, 67, 3154747, 0
2955, 1646, 43, 93, 0, 0, 69.79%, 23, 0, 25, 7313.69, 21435737, 67, 3160199, 0
2960, 1647, 46, 93, 0, 0, 69.79%, 23, 0, 25, 7276.60, 21473490, 67, 3167263, 0
2965, 1647, 21, 93, 0, 0, 69.79%, 23, 0, 25, 7256.81, 21510013, 67, 3173128, 0
2970, 1647, 36, 93, 0, 0, 69.79%, 23, 0, 25, 7268.80, 21547606, 67, 3179377, 0
2975, 1648, 23, 93, 0, 0, 69.79%, 23, 0, 25, 7243.02, 21584872, 67, 3185407, 0
2981, 1648, 45, 93, 0, 0, 69.79%, 23, 0, 25, 7298.20, 21622258, 67, 3191651, 0
2986, 1648, 2, 93, 0, 0, 69.79%, 23, 0, 25, 7186.58, 21659551, 67, 3196907, 0
2991, 1648, 47, 93, 0, 0, 69.79%, 23, 0, 25, 7043.06, 21696008, 67, 3202236, 0
2996, 1649, 90, 93, 0, 0, 69.79%, 23, 0, 25, 7247.66, 21733831, 67, 3208624, 0
3001, 1649, 36, 93, 0, 0, 69.79%, 23, 0, 25, 7276.84, 21770387, 67, 3213546, 0
3006, 1649, 42, 93, 0, 0, 69.79%, 23, 0, 25, 7300.45, 21807045, 67, 3219299, 0
3011, 1650, 36, 93, 0, 0, 69.79%, 23, 0, 25, 7035.34, 21842057, 67, 3224039, 0
3016, 1650, 75, 93, 0, 0, 69.79%, 23, 0, 25, 7082.20, 21877218, 67, 3230026, 0
3021, 1650, 55, 93, 0, 0, 69.79%, 23, 0, 25, 7107.39, 21913501, 67, 3235709, 0
3026, 1651, 21, 93, 0, 0, 69.79%, 23, 0, 25, 7144.80, 21950786, 67, 3240594, 0
3031, 1651, 70, 93, 0, 0, 69.79%, 23, 0, 25, 7339.64, 21987690, 67, 3246816, 0
3036, 1651, 47, 93, 0, 0, 69.79%, 23, 0, 25, 7455.31, 22025430, 67, 3252473, 0
3041, 1652, 26, 93, 0, 0, 69.79%, 23, 0, 25, 7290.13, 22062080, 67, 3258706, 0
3047, 1652, 43, 93, 0, 0, 69.79%, 23, 0, 25, 7289.98, 22099639, 67, 3265309, 0
3052, 1652, 55, 93, 0, 0, 69.79%, 23, 0, 25, 7366.33, 22136875, 67, 3271020, 0
3057, 1652, 14, 93, 0, 0, 69.79%, 23, 0, 25, 7296.76, 22173587, 67, 3277235, 0
3062, 1653, 55, 93, 0, 0, 69.79%, 23, 0, 25, 7269.37, 22210689, 67, 3283153, 0
3067, 1653, 5, 93, 0, 0, 69.79%, 23, 0, 25, 7293.65, 22247796, 67, 3289002, 0
3072, 1653, 15, 93, 0, 0, 69.79%, 23, 0, 25, 7285.65, 22284387, 67, 3294263, 0
3077, 1654, 74, 93, 0, 0, 69.79%, 23, 0, 25, 7336.39, 22321430, 67, 3300037, 0
3082, 1654, 21, 93, 0, 0, 69.79%, 23, 0, 25, 7397.11, 22358563, 67, 3305481, 0
3087, 1654, 67, 93, 0, 0, 69.79%, 23, 0, 25, 7183.89, 22395084, 67, 3311128, 0
3092, 1655, 42, 93, 0, 0, 69.79%, 23, 0, 25, 7266.39, 22432651, 67, 3317658, 0
3097, 1655, 47, 93, 0, 0, 69.79%, 23, 0, 25, 7454.30, 22470554, 67, 3323797, 0
3102, 1655, 43, 93, 0, 0, 69.79%, 23, 0, 25, 7284.29, 22507161, 67, 3330117, 0
3107, 1656, 77, 93, 0, 0, 69.79%, 23, 0, 25, 6975.62, 22541912, 67, 3337344, 0
3112, 1656, 9, 93, 0, 0, 69.79%, 23, 0, 25, 6867.70, 22576046, 67, 3342811, 0
3118, 1656, 21, 93, 0, 0, 69.79%, 23, 0, 25, 7225.33, 22613717, 67, 3348730, 0
3123, 1656, 43, 93, 0, 0, 69.79%, 23, 0, 25, 7190.12, 22650610, 67, 3355067, 0
3128, 1657, 47, 93, 0, 0, 69.79%, 23, 0, 25, 7199.79, 22687189, 67, 3360691, 0
3133, 1657, 55, 93, 0, 0, 69.79%, 23, 0, 25, 7134.98, 22722631, 67, 3366703, 0
3138, 1657, 45, 93, 0, 0, 69.79%, 23, 0, 25, 7051.26, 22759135, 67, 3372899, 0
3143, 1658, 55, 93, 0, 0, 69.79%, 23, 0, 25, 6951.96, 22793923, 67, 3378913, 0
3148, 1658, 46, 93, 0, 0, 69.79%, 23, 0, 25, 7118.33, 22830882, 67, 3385015, 0
3153, 1658, 56, 93, 0, 0, 69.79%, 23, 0, 25, 7269.24, 22867609, 67, 3390288, 0
3158, 1659, 21, 93, 0, 0, 69.79%, 23, 0, 25, 7362.24, 22905440, 67, 3396260, 0
3164, 1659, 55, 93, 0, 0, 69.79%, 23, 0, 25, 7345.01, 22943259, 67, 3402491, 0
3169, 1659, 36, 93, 0, 0, 69.79%, 23, 0, 25, 7207.57, 22980393, 67, 3408465, 0
3174, 1659, 87, 94, 1, 0, 69.79%, 23, 0, 26, 7274.57, 23017269, 67, 3414249, 0
3179, 1660, 21, 94, 0, 0, 69.79%, 23, 0, 26, 7291.71, 23054856, 67, 3421290, 0
3184, 1660, 46, 94, 0, 0, 69.79%, 23, 0, 26, 7260.66, 23092748, 67, 3427532, 0
3189, 1660, 71, 94, 0, 0, 69.79%, 23, 0, 26, 7293.72, 23130528, 67, 3433478, 0
3194, 1661, 42, 94, 0, 0, 69.79%, 23, 0, 26, 7241.11, 23166431, 67, 3438456, 0
3199, 1661, 38, 94, 0, 0, 69.79%, 23, 0, 26, 7312.42, 23203125, 67, 3444437, 0
3204, 1661, 16, 94, 0, 0, 69.79%, 23, 0, 26, 7295.11, 23239976, 67, 3450580, 0
3210, 1662, 26, 94, 0, 0, 69.79%, 23, 0, 26, 7163.67, 23276662, 67, 3456823, 0
3215, 1662, 47, 94, 0, 0, 69.79%, 23, 0, 26, 7259.57, 23314078, 67, 3463634, 0
3220, 1662, 47, 94, 0, 0, 69.79%, 23, 0, 26, 7144.27, 23350432, 67, 3469819, 0
3225, 1662, 45, 94, 0, 0, 69.79%, 23, 0, 26, 7083.63, 23387640, 67, 3476692, 0
3230, 1663, 55, 94, 0, 0, 69.79%, 23, 0, 26, 7102.18, 23424378, 67, 3482264, 0
3235, 1663, 36, 94, 0, 0, 69.79%, 23, 0, 26, 7169.78, 23461632, 67, 3488121, 0
3240, 1663, 42, 94, 0, 0, 69.79%, 23, 0, 26, 7089.86, 23497430, 67, 3493068, 0
3246, 1664, 21, 94, 0, 0, 69.79%, 23, 0, 26, 7129.73, 23534269, 67, 3498320, 0
3251, 1664, 55, 94, 0, 0, 69.79%, 23, 0, 26, 7021.09, 23569634, 67, 3504384, 0
3256, 1664, 1, 94, 0, 0, 69.79%, 23, 0, 26, 7132.25, 23606706, 67, 3510274, 0
3261, 1665, 42, 94, 0, 0, 69.79%, 23, 0, 26, 7123.04, 23642717, 67, 3515524, 0
3266, 1665, 43, 94, 0, 0, 69.79%, 23, 0, 26, 7207.20, 23678943, 67, 3521218, 0
3271, 1665, 55, 94, 0, 0, 69.79%, 23, 0, 26, 7271.70, 23715864, 67, 3527083, 0
3276, 1666, 45, 94, 0, 0, 69.79%, 23, 0, 26, 7207.71, 23752015, 67, 3532722, 0
3281, 1666, 43, 94, 0, 0, 69.79%, 23, 0, 26, 7313.44, 23788526, 67, 3538436, 0
3286, 1666, 46, 94, 0, 0, 69.79%, 23, 0, 26, 7231.78, 23824760, 67, 3544219, 0
3291, 1667, 47, 94, 0, 0, 69.79%, 23, 0, 26, 7232.04, 23861058, 67, 3550218, 0
3296, 1667, 43, 94, 0, 0, 69.79%, 23, 0, 26, 7066.16, 23897791, 67, 3556762, 0
3301, 1667, 11, 94, 0, 0, 69.79%, 23, 0, 26, 7072.20, 23934624, 67, 3562393, 0
3306, 1667, 14, 94, 0, 0, 69.79%, 23, 0, 26, 7190.60, 23970744, 67, 3568018, 0
3311, 1668, 5, 94, 0, 0, 69.79%, 23, 0, 26, 7168.47, 24006896, 67, 3573683, 0
3317, 1668, 43, 94, 0, 0, 69.79%, 23, 0, 26, 7070.35, 24043511, 67, 3579151, 0
3322, 1668, 73, 94, 0, 0, 69.79%, 23, 0, 26, 6963.03, 24078050, 67, 3585304, 0
3327, 1669, 46, 94, 0, 0, 69.79%, 23, 0, 26, 7060.94, 24113593, 67, 3591551, 0
3332, 1669, 43, 94, 0, 0, 69.79%, 23, 0, 26, 7029.86, 24150302, 67, 3597082, 0
3337, 1669, 16, 94, 0, 0, 69.79%, 23, 0, 26, 7183.60, 24186506, 67, 3603460, 0
3342, 1670, 47, 94, 0, 0, 69.79%, 23, 0, 26, 7212.54, 24223971, 67, 3609381, 0
3347, 1670, 21, 94, 0, 0, 69.79%, 23, 0, 26, 7304.55, 24260821, 67, 3615437, 0
3352, 1670, 55, 94, 0, 0, 69.79%, 23, 0, 26, 7346.43, 24297550, 67, 3621870, 0
3357, 1671, 89, 94, 0, 0, 69.79%, 23, 0, 26, 7297.71, 24333853, 67, 3627722, 0
3362, 1671, 46, 94, 0, 0, 69.79%, 23, 0, 26, 7218.51, 24370235, 67, 3634173, 0
3367, 1671, 15, 94, 0, 0, 69.79%, 23, 0, 26, 7316.86, 24407392, 67, 3640174, 0
3372, 1671, 21, 94, 0, 0, 69.79%, 23, 0, 26, 7278.98, 24445198, 67, 3645899, 0
3377, 1672, 46, 94, 0, 0, 69.79%, 23, 0, 26, 7310.19, 24482016, 67, 3651967, 0
3383, 1672, 46, 94, 0, 0, 69.79%, 23, 0, 26, 7295.94, 24519947, 67, 3657949, 0
3388, 1672, 14, 94, 0, 0, 69.79%, 23, 0, 26, 7381.36, 24557325, 67, 3663136, 0
3393, 1673, 55, 94, 0, 0, 69.79%, 23, 0, 26, 7368.62, 24594452, 67, 3668281, 0
3398, 1673, 78, 94, 0, 0, 69.79%, 23, 0, 26, 7255.20, 24630834, 67, 3674573, 0
3403, 1673, 47, 94, 0, 0, 69.79%, 23, 0, 26, 7247.39, 24667380, 67, 3680334, 0
3408, 1674, 48, 94, 0, 0, 69.79%, 23, 0, 26, 7218.12, 24704958, 67, 3685761, 0
3413, 1674, 43, 94, 0, 0, 69.79%, 23, 0, 26, 7293.17, 24743049, 67, 3691301, 0
3414, 1674, 43, 94, 0, 0, 69.79%, 23, 0, 26, 7317.25, 24747081, 67, 3691748, 0
