# relative_time, cycles_done, cur_item, corpus_count, pending_total, pending_favs, map_size, saved_crashes, saved_hangs, max_depth, execs_per_sec, total_execs, edges_found, total_crashes, servers_count
60, 1, 57, 117, 96, 0, 55.28%, 0, 0, 5, 1008.81, 63095, 68, 0, 0
66, 1, 57, 119, 98, 0, 57.72%, 0, 0, 5, 978.77, 68134, 71, 0, 0
71, 1, 57, 119, 98, 0, 57.72%, 0, 0, 5, 943.87, 72958, 71, 0, 0
76, 1, 50, 119, 94, 2, 57.72%, 0, 0, 5, 952.46, 77705, 71, 0, 0
81, 1, 30, 119, 91, 1, 57.72%, 0, 0, 5, 726.95, 82366, 71, 0, 0
86, 1, 27, 119, 87, 1, 57.72%, 0, 0, 5, 874.16, 87073, 71, 0, 0
91, 1, 116, 119, 83, 1, 57.72%, 0, 0, 5, 929.21, 91870, 71, 0, 0
96, 1, 66, 119, 81, 0, 57.72%, 0, 0, 5, 965.09, 96805, 71, 0, 0
101, 1, 67, 119, 77, 0, 57.72%, 0, 0, 5, 953.87, 101549, 71, 0, 0
106, 1, 36, 119, 73, 0, 57.72%, 0, 0, 5, 1009.74, 106832, 71, 0, 0
112, 1, 83, 119, 68, 0, 57.72%, 0, 0, 5, 1002.62, 112016, 71, 0, 0
117, 1, 35, 119, 64, 0, 57.72%, 0, 0, 5, 1017.59, 117125, 71, 0, 0
122, 1, 54, 119, 60, 0, 57.72%, 0, 0, 5, 1024.57, 122316, 71, 0, 0
127, 1, 34, 119, 56, 0, 57.72%, 0, 0, 5, 971.72, 127204, 71, 0, 0
132, 1, 102, 119, 52, 0, 57.72%, 0, 0, 5, 992.21, 132201, 71, 0, 0
137, 1, 46, 119, 48, 0, 57.72%, 0, 0, 5, 1015.40, 137368, 71, 0, 0
142, 1, 37, 119, 44, 0, 57.72%, 0, 0, 5, 1007.70, 142442, 71, 0, 0
147, 1, 104, 119, 41, 0, 57.72%, 0, 0, 5, 1018.43, 147641, 71, 0, 0
152, 1, 119, 120, 39, 1, 58.54%, 0, 0, 5, 1005.48, 152774, 72, 0, 0
157, 1, 16, 121, 36, 0, 58.54%, 0, 0, 5, 994.17, 157768, 72, 0, 0
162, 1, 96, 122, 35, 0, 60.16%, 0, 0, 5, 994.13, 162890, 74, 0, 0
167, 2, 122, 123, 33, 1, 60.98%, 0, 0, 6, 953.28, 167757, 75, 0, 0
172, 2, 42, 124, 30, 0, 60.98%, 0, 0, 7, 519.16, 172413, 75, 0, 0
177, 2, 42, 125, 28, 0, 60.98%, 0, 0, 7, 818.09, 177040, 75, 0, 0
183, 2, 42, 126, 26, 0, 61.79%, 0, 0, 7, 933.74, 181991, 76, 0, 0
188, 2, 40, 126, 24, 0, 61.79%, 0, 0, 7, 937.47, 186764, 76, 0, 0
193, 2, 126, 128, 25, 1, 64.23%, 0, 0, 7, 960.92, 191799, 79, 0, 0
198, 2, 82, 128, 23, 0, 64.23%, 0, 0, 7, 968.74, 196810, 79, 0, 0
203, 2, 70, 128, 20, 0, 64.23%, 0, 0, 7, 910.74, 201458, 79, 0, 0
208, 2, 17, 128, 16, 0, 64.23%, 0, 0, 7, 955.10, 206467, 79, 0, 0
213, 2, 88, 128, 13, 0, 64.23%, 0, 0, 7, 970.17, 211367, 79, 0, 0
219, 2, 126, 129, 13, 0, 65.85%, 0, 0, 7, 991.03, 216524, 81, 0, 0
224, 3, 29, 129, 11, 0, 65.85%, 0, 0, 7, 1004.49, 221595, 81, 0, 0
229, 3, 92, 129, 9, 0, 65.85%, 0, 0, 7, 976.12, 226349, 81, 0, 0
234, 3, 40, 129, 7, 0, 65.85%, 0, 0, 7, 996.90, 231570, 81, 0, 0
239, 3, 98, 129, 7, 0, 65.85%, 0, 0, 7, 997.58, 236585, 81, 0, 0
244, 3, 39, 129, 4, 0, 65.85%, 0, 0, 7, 941.57, 241250, 81, 0, 0
249, 3, 123, 129, 3, 0, 65.85%, 0, 0, 7, 922.82, 245821, 81, 0, 0
254, 3, 119, 129, 3, 0, 65.85%, 0, 0, 7, 952.95, 250822, 81, 0, 0
259, 4, 24, 129, 3, 0, 65.85%, 0, 0, 7, 900.81, 255183, 81, 0, 0
264, 4, 25, 129, 3, 0, 65.85%, 0, 0, 7, 968.52, 260222, 81, 0, 0
270, 4, 103, 129, 3, 0, 65.85%, 0, 0, 7, 987.72, 265330, 81, 0, 0
275, 4, 40, 129, 1, 0, 65.85%, 0, 0, 7, 947.96, 270035, 81, 0, 0
280, 4, 119, 129, 1, 0, 65.85%, 0, 0, 7, 986.73, 275201, 81, 0, 0
285, 5, 119, 129, 1, 0, 65.85%, 0, 0, 7, 934.14, 279845, 81, 0, 0
290, 5, 119, 129, 1, 0, 65.85%, 0, 0, 7, 953.88, 284742, 81, 0, 0
295, 5, 43, 129, 1, 0, 65.85%, 0, 0, 7, 978.97, 289823, 81, 0, 0
300, 5, 121, 129, 0, 0, 65.85%, 0, 0, 7, 965.61, 294501, 81, 0, 0
305, 5, 116, 129, 0, 0, 65.85%, 0, 0, 7, 898.50, 299100, 81, 0, 0
310, 6, 42, 130, 1, 0, 65.85%, 0, 0, 7, 955.09, 304055, 81, 0, 0
315, 6, 24, 130, 1, 0, 65.85%, 0, 0, 7, 893.87, 308426, 81, 0, 0
320, 6, 19, 130, 1, 0, 65.85%, 0, 0, 7, 889.74, 312925, 81, 0, 0
325, 6, 24, 130, 1, 0, 65.85%, 0, 0, 7, 963.22, 317852, 81, 0, 0
331, 6, 129, 133, 4, 0, 67.48%, 0, 0, 7, 456.27, 322397, 83, 0, 0
336, 6, 130, 133, 3, 2, 67.48%, 0, 0, 7, 886.97, 327495, 83, 0, 0
341, 6, 132, 133, 1, 1, 67.48%, 0, 0, 7, 966.23, 332618, 83, 0, 0
346, 6, 132, 133, 0, 0, 67.48%, 0, 0, 7, 965.00, 337332, 83, 0, 0
351, 7, 117, 133, 0, 0, 67.48%, 0, 0, 7, 942.63, 342138, 83, 0, 0
356, 7, 94, 133, 0, 0, 67.48%, 0, 0, 7, 976.48, 347171, 83, 0, 0
361, 7, 24, 133, 0, 0, 67.48%, 0, 0, 7, 991.80, 352300, 83, 0, 0
366, 7, 119, 133, 0, 0, 67.48%, 0, 0, 7, 950.19, 356925, 83, 0, 0
371, 7, 130, 133, 0, 0, 67.48%, 0, 0, 7, 900.44, 361553, 83, 0, 0
377, 8, 130, 133, 0, 0, 67.48%, 0, 0, 7, 939.62, 366443, 83, 0, 0
382, 8, 31, 133, 0, 0, 67.48%, 0, 0, 7, 966.96, 371471, 83, 0, 0
387, 8, 132, 133, 0, 0, 67.48%, 0, 0, 7, 932.87, 376108, 83, 0, 0
392, 8, 25, 134, 0, 0, 68.29%, 0, 0, 7, 929.09, 380660, 84, 0, 0
397, 8, 130, 134, 0, 0, 68.29%, 0, 0, 7, 925.28, 385450, 84, 0, 0
402, 8, 42, 134, 0, 0, 68.29%, 0, 0, 7, 944.15, 390142, 84, 0, 0
407, 9, 24, 134, 0, 0, 68.29%, 0, 0, 7, 973.67, 395142, 84, 0, 0
412, 9, 40, 134, 0, 0, 68.29%, 0, 0, 7, 1003.25, 400192, 84, 0, 0
417, 9, 121, 134, 0, 0, 68.29%, 0, 0, 7, 1014.50, 405351, 84, 0, 0
422, 9, 41, 135, 1, 0, 68.29%, 0, 0, 8, 981.29, 410254, 84, 0, 0
427, 9, 40, 135, 0, 0, 68.29%, 0, 0, 8, 975.95, 415186, 84, 0, 0
432, 10, 41, 135, 0, 0, 68.29%, 0, 0, 8, 976.25, 420243, 84, 0, 0
437, 10, 130, 135, 0, 0, 68.29%, 0, 0, 8, 1002.15, 425288, 84, 0, 0
443, 10, 117, 135, 0, 0, 68.29%, 0, 0, 8, 965.07, 430019, 84, 0, 0
448, 10, 118, 135, 0, 0, 68.29%, 0, 0, 8, 1004.64, 435108, 84, 0, 0
453, 10, 17, 135, 0, 0, 68.29%, 0, 0, 8, 1003.18, 440208, 84, 0, 0
458, 11, 127, 135, 0, 0, 68.29%, 0, 0, 8, 1002.94, 445288, 84, 0, 0
463, 11, 55, 135, 0, 0, 68.29%, 0, 0, 8, 942.72, 449846, 84, 0, 0
468, 11, 130, 135, 0, 0, 68.29%, 0, 0, 8, 910.50, 454292, 84, 0, 0
473, 11, 119, 135, 0, 0, 68.29%, 0, 0, 8, 952.28, 459286, 84, 0, 0
478, 11, 119, 135, 0, 0, 68.29%, 0, 0, 8, 937.41, 463974, 84, 0, 0
483, 12, 40, 135, 0, 0, 68.29%, 0, 0, 8, 959.05, 468876, 84, 0, 0
488, 12, 24, 136, 1, 0, 68.29%, 0, 0, 8, 921.53, 473604, 84, 0, 0
494, 12, 123, 136, 0, 0, 68.29%, 0, 0, 8, 964.88, 478470, 84, 0, 0
499, 12, 25, 136, 0, 0, 68.29%, 0, 0, 8, 978.14, 483403, 84, 0, 0
504, 12, 24, 136, 0, 0, 68.29%, 0, 0, 8, 1002.90, 488667, 84, 0, 0
509, 12, 84, 136, 0, 0, 68.29%, 0, 0, 8, 983.41, 493545, 84, 0, 0
514, 13, 119, 136, 0, 0, 68.29%, 0, 0, 8, 1001.97, 498747, 84, 0, 0
519, 13, 25, 136, 0, 0, 68.29%, 0, 0, 8, 997.11, 503878, 84, 0, 0
524, 13, 131, 136, 0, 0, 68.29%, 0, 0, 8, 968.13, 508740, 84, 0, 0
529, 13, 119, 136, 0, 0, 68.29%, 0, 0, 8, 991.17, 513872, 84, 0, 0
535, 13, 19, 136, 0, 0, 68.29%, 0, 0, 8, 928.38, 518636, 84, 0, 0
540, 14, 24, 136, 0, 0, 68.29%, 0, 0, 8, 981.64, 523639, 84, 0, 0
545, 14, 119, 136, 0, 0, 68.29%, 0, 0, 8, 1026.22, 528762, 84, 0, 0
550, 14, 119, 136, 0, 0, 68.29%, 0, 0, 8, 1059.56, 534046, 84, 0, 0
555, 14, 19, 136, 0, 0, 68.29%, 0, 0, 8, 1033.68, 539282, 84, 0, 0
560, 14, 126, 136, 0, 0, 68.29%, 0, 0, 8, 966.94, 544240, 84, 0, 0
565, 15, 43, 136, 0, 0, 68.29%, 0, 0, 8, 1035.78, 549503, 84, 0, 0
570, 15, 42, 136, 0, 0, 68.29%, 0, 0, 8, 1060.59, 555009, 84, 0, 0
575, 15, 25, 136, 0, 0, 68.29%, 0, 0, 8, 1032.59, 560043, 84, 0, 0
580, 15, 69, 136, 0, 0, 68.29%, 0, 0, 8, 1055.38, 565551, 84, 0, 0
585, 16, 26, 136, 0, 0, 68.29%, 0, 0, 8, 1087.99, 571046, 84, 0, 0
591, 16, 19, 136, 0, 0, 68.29%, 0, 0, 8, 1041.88, 576382, 84, 0, 0
596, 16, 27, 137, 1, 0, 68.29%, 0, 0, 8, 1049.60, 581530, 84, 0, 0
601, 16, 64, 142, 6, 0, 69.11%, 0, 0, 8, 1071.07, 587095, 85, 0, 0
606, 16, 64, 143, 7, 0, 69.11%, 0, 0, 8, 1071.72, 592604, 85, 0, 0
611, 16, 64, 144, 8, 0, 69.11%, 0, 0, 8, 1082.82, 598092, 85, 0, 0
616, 16, 139, 144, 7, 0, 69.11%, 0, 0, 8, 630.17, 602560, 85, 0, 0
621, 16, 89, 144, 5, 0, 69.11%, 0, 0, 8, 917.11, 607513, 85, 0, 0
627, 16, 140, 144, 4, 0, 69.11%, 0, 0, 8, 914.32, 612277, 85, 0, 0
632, 16, 144, 145, 4, 1, 69.11%, 0, 0, 8, 966.52, 616911, 85, 0, 0
637, 16, 144, 148, 6, 0, 69.11%, 0, 0, 9, 1045.37, 622466, 85, 0, 0
642, 16, 144, 148, 5, 0, 69.11%, 0, 0, 9, 1062.66, 627831, 85, 0, 0
647, 17, 145, 148, 5, 0, 69.11%, 0, 0, 9, 1053.36, 633188, 85, 0, 0
652, 17, 147, 149, 5, 0, 69.11%, 0, 0, 10, 903.40, 637964, 85, 0, 0
657, 17, 148, 149, 4, 0, 69.11%, 0, 0, 10, 804.21, 641871, 85, 0, 0
662, 17, 40, 149, 3, 0, 69.11%, 0, 0, 10, 1017.17, 647411, 85, 0, 0
667, 17, 150, 154, 8, 1, 69.92%, 0, 0, 10, 1004.46, 652598, 86, 0, 0
672, 17, 150, 157, 10, 0, 69.92%, 0, 0, 10, 1038.71, 657819, 86, 0, 0
677, 17, 150, 159, 12, 0, 69.92%, 0, 0, 10, 1014.84, 662793, 86, 0, 0
683, 17, 151, 160, 13, 0, 69.92%, 0, 0, 10, 970.29, 667672, 86, 0, 0
688, 17, 154, 160, 11, 0, 69.92%, 0, 0, 10, 780.99, 671750, 86, 0, 0
693, 17, 154, 163, 14, 0, 69.92%, 0, 0, 10, 606.06, 674698, 86, 0, 0
698, 17, 153, 163, 13, 0, 69.92%, 0, 0, 10, 763.62, 678372, 86, 0, 0
703, 17, 162, 164, 12, 0, 69.92%, 0, 0, 10, 834.40, 682947, 86, 0, 0
708, 17, 162, 164, 11, 0, 69.92%, 0, 0, 10, 806.03, 686618, 86, 0, 0
713, 17, 164, 165, 12, 0, 69.92%, 0, 0, 10, 777.27, 690490, 86, 0, 0
718, 17, 164, 167, 14, 0, 69.92%, 0, 0, 10, 659.99, 693660, 86, 0, 0
723, 17, 141, 167, 13, 0, 69.92%, 0, 0, 10, 790.90, 697582, 86, 0, 0
728, 17, 166, 168, 13, 0, 69.92%, 0, 0, 11, 706.25, 701304, 86, 0, 0
734, 17, 24, 168, 11, 0, 69.92%, 0, 0, 11, 914.87, 705843, 86, 0, 0
739, 17, 167, 168, 11, 0, 69.92%, 0, 0, 11, 744.18, 709651, 86, 0, 0
744, 17, 144, 168, 9, 0, 69.92%, 0, 0, 11, 887.65, 714200, 86, 0, 0
749, 18, 156, 168, 9, 0, 69.92%, 0, 0, 11, 1023.35, 719741, 86, 0, 0
754, 18, 168, 171, 11, 0, 69.92%, 0, 0, 11, 1014.92, 724851, 86, 0, 0
759, 18, 95, 171, 9, 0, 69.92%, 0, 0, 11, 780.57, 728690, 86, 0, 0
764, 18, 46, 171, 8, 0, 69.92%, 0, 0, 11, 992.56, 734060, 86, 0, 0
769, 18, 161, 171, 8, 0, 69.92%, 0, 0, 11, 885.78, 738797, 86, 0, 0
774, 18, 92, 171, 7, 0, 69.92%, 0, 0, 11, 930.12, 743153, 86, 0, 0
779, 18, 135, 171, 7, 0, 69.92%, 0, 0, 11, 953.85, 747931, 86, 0, 0
785, 18, 128, 171, 7, 0, 69.92%, 0, 0, 11, 1007.02, 753082, 86, 0, 0
790, 18, 133, 171, 6, 0, 69.92%, 0, 0, 11, 876.86, 756990, 86, 0, 0
795, 18, 135, 171, 6, 0, 69.92%, 0, 0, 11, 1032.35, 762422, 86, 0, 0
800, 19, 138, 171, 6, 0, 69.92%, 0, 0, 11, 142.86, 767381, 86, 0, 0
805, 19, 53, 171, 5, 0, 69.92%, 0, 0, 11, 987.66, 772208, 86, 0, 0
810, 19, 149, 171, 5, 0, 69.92%, 0, 0, 11, 935.58, 776970, 86, 0, 0
815, 19, 126, 172, 4, 0, 70.73%, 0, 0, 11, 992.01, 781970, 87, 0, 0
820, 19, 40, 173, 4, 0, 71.54%, 0, 0, 11, 1025.44, 787282, 88, 0, 0
826, 19, 114, 173, 4, 0, 71.54%, 0, 0, 11, 1000.18, 792346, 88, 0, 0
831, 19, 171, 173, 4, 0, 71.54%, 0, 0, 11, 89.69, 797107, 88, 0, 0
836, 19, 171, 173, 4, 0, 71.54%, 0, 0, 11, 982.67, 802369, 88, 0, 0
841, 19, 119, 173, 4, 0, 71.54%, 0, 0, 11, 962.46, 807211, 88, 0, 0
846, 20, 171, 173, 4, 0, 71.54%, 0, 0, 11, 954.93, 812111, 88, 0, 0
851, 20, 19, 173, 4, 0, 71.54%, 0, 0, 11, 1041.10, 817602, 88, 0, 0
856, 20, 126, 173, 3, 0, 71.54%, 0, 0, 11, 984.49, 822413, 88, 0, 0
861, 20, 144, 173, 3, 0, 71.54%, 0, 0, 11, 1029.64, 827621, 88, 0, 0
866, 20, 42, 173, 3, 0, 71.54%, 0, 0, 11, 1033.40, 832986, 88, 0, 0
871, 20, 133, 173, 3, 0, 71.54%, 0, 0, 11, 1006.89, 837985, 88, 0, 0
877, 20, 163, 173, 3, 0, 71.54%, 0, 0, 11, 1034.81, 843446, 88, 0, 0
882, 20, 171, 173, 2, 0, 71.54%, 0, 0, 11, 1020.88, 848424, 88, 0, 0
887, 20, 172, 173, 2, 0, 71.54%, 0, 0, 11, 1019.35, 853564, 88, 0, 0
892, 21, 173, 174, 3, 1, 71.54%, 0, 0, 11, 1050.35, 858871, 88, 0, 0
897, 21, 128, 174, 2, 0, 71.54%, 0, 0, 11, 1063.27, 864247, 88, 0, 0
902, 21, 171, 175, 3, 0, 71.54%, 0, 0, 11, 1034.41, 869617, 88, 0, 0
907, 21, 173, 176, 4, 0, 71.54%, 0, 0, 11, 1072.70, 875171, 88, 0, 0
912, 21, 143, 176, 3, 0, 71.54%, 0, 0, 11, 1072.41, 880594, 88, 0, 0
917, 21, 19, 177, 2, 0, 71.54%, 0, 0, 11, 1051.03, 885587, 88, 0, 0
922, 21, 174, 177, 2, 0, 71.54%, 0, 0, 11, 1059.66, 891146, 88, 0, 0
927, 21, 133, 178, 2, 0, 71.54%, 0, 0, 11, 1076.78, 896611, 88, 0, 0
932, 21, 171, 178, 2, 0, 71.54%, 0, 0, 11, 1029.43, 901860, 88, 0, 0
937, 22, 171, 178, 1, 0, 71.54%, 0, 0, 11, 1058.28, 907256, 88, 0, 0
943, 22, 149, 178, 1, 0, 71.54%, 0, 0, 11, 1070.33, 912851, 88, 0, 0
948, 22, 133, 178, 1, 0, 71.54%, 0, 0, 11, 1079.40, 918298, 88, 0, 0
953, 22, 133, 178, 1, 0, 71.54%, 0, 0, 11, 977.89, 923193, 88, 0, 0
958, 22, 157, 178, 1, 0, 71.54%, 0, 0, 11, 917.71, 928017, 88, 0, 0
963, 22, 177, 178, 0, 0, 71.54%, 0, 0, 11, 1017.19, 933250, 88, 0, 0
968, 22, 119, 178, 0, 0, 71.54%, 0, 0, 11, 1065.31, 938852, 88, 0, 0
973, 22, 158, 178, 0, 0, 71.54%, 0, 0, 11, 996.70, 943915, 88, 0, 0
978, 23, 173, 178, 0, 0, 71.54%, 0, 0, 11, 1031.88, 949115, 88, 0, 0
984, 23, 84, 178, 0, 0, 71.54%, 0, 0, 11, 1067.78, 954661, 88, 0, 0
989, 23, 123, 178, 0, 0, 71.54%, 0, 0, 11, 1035.77, 959820, 88, 0, 0
994, 23, 119, 178, 0, 0, 71.54%, 0, 0, 11, 1019.34, 964775, 88, 0, 0
999, 23, 123, 178, 0, 0, 71.54%, 0, 0, 11, 974.46, 969811, 88, 0, 0
1004, 23, 133, 178, 0, 0, 71.54%, 0, 0, 11, 1026.57, 975035, 88, 0, 0
1009, 24, 54, 178, 0, 0, 71.54%, 0, 0, 11, 208.21, 979888, 88, 0, 0
1014, 24, 128, 178, 0, 0, 71.54%, 0, 0, 11, 881.69, 985205, 88, 0, 0
1019, 24, 121, 178, 0, 0, 71.54%, 0, 0, 11, 932.33, 990154, 88, 0, 0
1024, 24, 128, 179, 1, 0, 71.54%, 0, 0, 11, 1004.66, 995482, 88, 0, 0
1030, 24, 169, 179, 1, 0, 71.54%, 0, 0, 11, 1050.79, 1001005, 88, 0, 0
1035, 24, 172, 179, 0, 0, 71.54%, 0, 0, 11, 926.76, 1005637, 88, 0, 0
1040, 24, 70, 179, 0, 0, 71.54%, 0, 0, 11, 1034.85, 1011131, 88, 0, 0
1045, 24, 37, 179, 0, 0, 71.54%, 0, 0, 11, 1066.83, 1016532, 88, 0, 0
1050, 25, 17, 179, 0, 0, 71.54%, 0, 0, 11, 1100.30, 1022124, 88, 0, 0
1055, 25, 64, 179, 0, 0, 71.54%, 0, 0, 11, 1044.12, 1027566, 88, 0, 0
1060, 25, 17, 179, 0, 0, 71.54%, 0, 0, 11, 1063.24, 1032928, 88, 0, 0
1065, 25, 177, 179, 0, 0, 71.54%, 0, 0, 11, 1060.63, 1038316, 88, 0, 0
1070, 25, 144, 179, 0, 0, 71.54%, 0, 0, 11, 921.87, 1043206, 88, 0, 0
1075, 25, 123, 179, 0, 0, 71.54%, 0, 0, 11, 1026.77, 1048546, 88, 0, 0
1081, 25, 172, 179, 0, 0, 71.54%, 0, 0, 11, 1047.33, 1053941, 88, 0, 0
1086, 26, 42, 179, 0, 0, 71.54%, 0, 0, 11, 1074.80, 1059587, 88, 0, 0
1091, 26, 144, 179, 0, 0, 71.54%, 0, 0, 11, 1063.08, 1065092, 88, 0, 0
1096, 26, 177, 179, 0, 0, 71.54%, 0, 0, 11, 934.58, 1069717, 88, 0, 0
1101, 26, 150, 179, 0, 0, 71.54%, 0, 0, 11, 997.45, 1074899, 88, 0, 0
1106, 26, 132, 179, 0, 0, 71.54%, 0, 0, 11, 1061.53, 1080274, 88, 0, 0
1111, 26, 177, 179, 0, 0, 71.54%, 0, 0, 11, 1024.46, 1085446, 88, 0, 0
1116, 26, 42, 180, 0, 0, 72.36%, 0, 0, 11, 1056.97, 1090977, 89, 0, 0
1122, 26, 40, 180, 0, 0, 72.36%, 0, 0, 11, 1058.69, 1096514, 89, 0, 0
1127, 27, 180, 181, 1, 1, 79.67%, 0, 0, 11, 1049.63, 1101756, 98, 0, 0
1132, 27, 180, 193, 13, 1, 79.67%, 0, 0, 11, 1060.89, 1107114, 98, 0, 0
1137, 27, 180, 193, 13, 1, 79.67%, 0, 0, 11, 1063.68, 1112595, 98, 0, 0
1142, 27, 165, 193, 10, 0, 79.67%, 0, 0, 11, 1018.77, 1117807, 98, 0, 0
1147, 27, 188, 193, 8, 0, 79.67%, 0, 0, 11, 1045.31, 1123063, 98, 0, 0
1152, 27, 183, 193, 6, 0, 79.67%, 0, 0, 11, 1046.24, 1128331, 98, 0, 0
1157, 27, 191, 193, 4, 0, 79.67%, 0, 0, 11, 1043.55, 1133584, 98, 0, 0
1162, 27, 146, 194, 3, 0, 79.67%, 0, 0, 11, 1050.88, 1138891, 98, 0, 0
1167, 27, 121, 194, 2, 0, 79.67%, 0, 0, 11, 1048.15, 1144139, 98, 0, 0
1172, 27, 182, 194, 2, 0, 79.67%, 0, 0, 11, 1075.31, 1149555, 98, 0, 0
1177, 27, 133, 194, 0, 0, 79.67%, 0, 0, 11, 1064.66, 1154883, 98, 0, 0
1182, 27, 119, 194, 0, 0, 79.67%, 0, 0, 11, 1049.09, 1160182, 98, 0, 0
1187, 27, 150, 194, 0, 0, 79.67%, 0, 0, 11, 1052.35, 1165683, 98, 0, 0
1192, 28, 133, 194, 0, 0, 79.67%, 0, 0, 11, 1051.58, 1171159, 98, 0, 0
1197, 28, 61, 194, 0, 0, 79.67%, 0, 0, 11, 1024.96, 1176342, 98, 0, 0
1202, 28, 177, 194, 0, 0, 79.67%, 0, 0, 11, 1059.15, 1181688, 98, 0, 0
1207, 28, 144, 194, 0, 0, 79.67%, 0, 0, 11, 1067.95, 1187075, 98, 0, 0
1213, 28, 104, 194, 0, 0, 79.67%, 0, 0, 11, 1023.78, 1192102, 98, 0, 0
1218, 28, 158, 194, 0, 0, 79.67%, 0, 0, 11, 1008.75, 1197177, 98, 0, 0
1223, 28, 40, 194, 0, 0, 79.67%, 0, 0, 11, 1051.58, 1202687, 98, 0, 0
1228, 29, 123, 194, 0, 0, 79.67%, 0, 0, 11, 980.58, 1207619, 98, 0, 0
1233, 29, 114, 194, 0, 0, 79.67%, 0, 0, 11, 1052.88, 1213109, 98, 0, 0
1238, 29, 117, 194, 0, 0, 79.67%, 0, 0, 11, 1024.72, 1218267, 98, 0, 0
1243, 29, 177, 194, 0, 0, 79.67%, 0, 0, 11, 1062.86, 1223829, 98, 0, 0
1248, 29, 17, 194, 0, 0, 79.67%, 0, 0, 11, 1056.77, 1229121, 98, 0, 0
1253, 29, 150, 194, 0, 0, 79.67%, 0, 0, 11, 1058.67, 1234592, 98, 0, 0
1259, 29, 19, 194, 0, 0, 79.67%, 0, 0, 11, 1042.00, 1240032, 98, 0, 0
1264, 30, 172, 194, 0, 0, 79.67%, 0, 0, 11, 1064.49, 1245604, 98, 0, 0
1269, 30, 184, 194, 0, 0, 79.67%, 0, 0, 11, 1071.12, 1250967, 98, 0, 0
1274, 30, 171, 194, 0, 0, 79.67%, 0, 0, 11, 1046.91, 1256251, 98, 0, 0
1279, 30, 133, 194, 0, 0, 79.67%, 0, 0, 11, 1046.65, 1261472, 98, 0, 0
1284, 30, 184, 194, 0, 0, 79.67%, 0, 0, 11, 1004.76, 1266607, 98, 0, 0
1289, 30, 177, 194, 0, 0, 79.67%, 0, 0, 11, 1065.66, 1272200, 98, 0, 0
1294, 30, 193, 194, 0, 0, 79.67%, 0, 0, 11, 1063.95, 1277663, 98, 0, 0
1299, 31, 134, 194, 0, 0, 79.67%, 0, 0, 11, 1060.87, 1282992, 98, 0, 0
1305, 31, 61, 194, 0, 0, 79.67%, 0, 0, 11, 1057.92, 1288375, 98, 0, 0
1310, 31, 133, 194, 0, 0, 79.67%, 0, 0, 11, 1059.86, 1293701, 98, 0, 0
1315, 31, 177, 194, 0, 0, 79.67%, 0, 0, 11, 1010.47, 1298832, 98, 0, 0
1320, 31, 186, 194, 0, 0, 79.67%, 0, 0, 11, 1015.90, 1303977, 98, 0, 0
1325, 31, 144, 194, 0, 0, 79.67%, 0, 0, 11, 1028.18, 1308997, 98, 0, 0
1330, 31, 144, 194, 0, 0, 79.67%, 0, 0, 11, 1067.88, 1314600, 98, 0, 0
1335, 32, 171, 194, 0, 0, 79.67%, 0, 0, 11, 1094.76, 1320163, 98, 0, 0
1340, 32, 121, 194, 0, 0, 79.67%, 0, 0, 11, 1046.45, 1325402, 98, 0, 0
1345, 32, 144, 194, 0, 0, 79.67%, 0, 0, 11, 1047.36, 1330886, 98, 0, 0
1350, 32, 121, 194, 0, 0, 79.67%, 0, 0, 11, 995.73, 1335950, 98, 0, 0
1355, 32, 91, 194, 0, 0, 79.67%, 0, 0, 11, 1056.93, 1341488, 98, 0, 0
1360, 32, 144, 194, 0, 0, 79.67%, 0, 0, 11, 1054.04, 1346956, 98, 0, 0
1366, 32, 194, 195, 1, 0, 79.67%, 0, 0, 11, 1037.05, 1352203, 98, 0, 0
1371, 32, 32, 195, 0, 0, 79.67%, 0, 0, 11, 1011.44, 1357244, 98, 0, 0
1376, 33, 19, 195, 0, 0, 79.67%, 0, 0, 11, 862.15, 1361737, 98, 0, 0
1381, 33, 93, 195, 0, 0, 79.67%, 0, 0, 11, 986.88, 1367102, 98, 0, 0
1386, 33, 121, 195, 0, 0, 79.67%, 0, 0, 11, 1021.50, 1372094, 98, 0, 0
1391, 33, 194, 195, 0, 0, 79.67%, 0, 0, 11, 968.34, 1376926, 98, 0, 0
1396, 33, 121, 195, 0, 0, 79.67%, 0, 0, 11, 1051.57, 1382436, 98, 0, 0
1401, 33, 150, 195, 0, 0, 79.67%, 0, 0, 11, 985.13, 1387133, 98, 0, 0
1406, 33, 117, 195, 0, 0, 79.67%, 0, 0, 11, 1069.82, 1392603, 98, 0, 0
1411, 33, 40, 195, 0, 0, 79.67%, 0, 0, 11, 1072.05, 1397985, 98, 0, 0
1416, 34, 33, 196, 1, 0, 79.67%, 0, 0, 11, 1035.81, 1403195, 98, 0, 0
1421, 34, 123, 196, 1, 0, 79.67%, 0, 0, 11, 1053.43, 1408501, 98, 0, 0
1427, 34, 119, 197, 1, 0, 79.67%, 0, 0, 11, 1078.21, 1413946, 98, 0, 0
1432, 34, 144, 197, 1, 0, 79.67%, 0, 0, 11, 1027.29, 1419047, 98, 0, 0
1437, 34, 133, 197, 0, 0, 79.67%, 0, 0, 11, 1073.92, 1424635, 98, 0, 0
1442, 34, 4, 197, 0, 0, 79.67%, 0, 0, 11, 1076.72, 1430229, 98, 0, 0
1447, 34, 17, 197, 0, 0, 79.67%, 0, 0, 11, 1080.49, 1435814, 98, 0, 0
1452, 35, 121, 197, 0, 0, 79.67%, 0, 0, 11, 1065.62, 1441369, 98, 0, 0
1457, 35, 123, 197, 0, 0, 79.67%, 0, 0, 11, 1069.42, 1446935, 98, 0, 0
1462, 35, 172, 197, 0, 0, 79.67%, 0, 0, 11, 1065.59, 1452252, 98, 0, 0
1468, 35, 172, 197, 0, 0, 79.67%, 0, 0, 11, 1083.36, 1457852, 98, 0, 0
1473, 35, 123, 197, 0, 0, 79.67%, 0, 0, 11, 1080.75, 1463172, 98, 0, 0
1478, 35, 144, 197, 0, 0, 79.67%, 0, 0, 11, 1078.42, 1468598, 98, 0, 0
1483, 35, 172, 197, 0, 0, 79.67%, 0, 0, 11, 1035.48, 1473795, 98, 0, 0
1488, 35, 144, 197, 0, 0, 79.67%, 0, 0, 11, 1060.10, 1479286, 98, 0, 0
1493, 36, 92, 197, 0, 0, 79.67%, 0, 0, 11, 1045.46, 1484475, 98, 0, 0
1498, 36, 144, 197, 0, 0, 79.67%, 0, 0, 11, 1059.49, 1489960, 98, 0, 0
1503, 36, 133, 197, 0, 0, 79.67%, 0, 0, 11, 1053.87, 1495239, 98, 0, 0
1508, 36, 123, 197, 0, 0, 79.67%, 0, 0, 11, 1078.36, 1500647, 98, 0, 0
1513, 36, 154, 197, 0, 0, 79.67%, 0, 0, 11, 1063.53, 1506168, 98, 0, 0
1518, 36, 171, 197, 0, 0, 79.67%, 0, 0, 11, 1028.99, 1511081, 98, 0, 0
1524, 36, 144, 197, 0, 0, 79.67%, 0, 0, 11, 1072.39, 1516733, 98, 0, 0
1529, 37, 17, 197, 0, 0, 79.67%, 0, 0, 11, 1053.96, 1522177, 98, 0, 0
1534, 37, 123, 197, 0, 0, 79.67%, 0, 0, 11, 1081.19, 1527824, 98, 0, 0
1539, 37, 40, 197, 0, 0, 79.67%, 0, 0, 11, 1071.86, 1533395, 98, 0, 0
1544, 37, 184, 197, 0, 0, 79.67%, 0, 0, 11, 1079.24, 1538995, 98, 0, 0
1549, 37, 191, 197, 0, 0, 79.67%, 0, 0, 11, 1079.53, 1544582, 98, 0, 0
1555, 37, 108, 197, 0, 0, 79.67%, 0, 0, 11, 1039.15, 1549981, 98, 0, 0
1560, 38, 182, 197, 0, 0, 79.67%, 0, 0, 11, 1062.91, 1555457, 98, 0, 0
1565, 38, 147, 197, 0, 0, 79.67%, 0, 0, 11, 1067.61, 1561002, 98, 0, 0
1570, 38, 177, 197, 0, 0, 79.67%, 0, 0, 11, 1053.44, 1566358, 98, 0, 0
1575, 38, 91, 197, 0, 0, 79.67%, 0, 0, 11, 1074.98, 1571969, 98, 0, 0
1580, 38, 173, 197, 0, 0, 79.67%, 0, 0, 11, 1078.45, 1577390, 98, 0, 0
1586, 38, 150, 197, 0, 0, 79.67%, 0, 0, 11, 1079.20, 1582932, 98, 0, 0
1591, 38, 171, 197, 0, 0, 79.67%, 0, 0, 11, 1055.69, 1588370, 98, 0, 0
1596, 39, 123, 197, 0, 0, 79.67%, 0, 0, 11, 1040.46, 1593801, 98, 0, 0
1601, 39, 17, 197, 0, 0, 79.67%, 0, 0, 11, 1074.38, 1599423, 98, 0, 0
1606, 39, 172, 197, 0, 0, 79.67%, 0, 0, 11, 1084.61, 1604907, 98, 0, 0
1611, 39, 144, 197, 0, 0, 79.67%, 0, 0, 11, 1078.30, 1610291, 98, 0, 0
1616, 39, 184, 197, 0, 0, 79.67%, 0, 0, 11, 1066.26, 1615620, 98, 0, 0
1622, 39, 17, 197, 0, 0, 79.67%, 0, 0, 11, 1057.41, 1621102, 98, 0, 0
1627, 39, 173, 197, 0, 0, 79.67%, 0, 0, 11, 1052.91, 1626378, 98, 0, 0
1632, 39, 144, 197, 0, 0, 79.67%, 0, 0, 11, 1021.14, 1631391, 98, 0, 0
1637, 40, 133, 197, 0, 0, 79.67%, 0, 0, 11, 1045.59, 1636671, 98, 0, 0
1642, 40, 99, 197, 0, 0, 79.67%, 0, 0, 11, 347.12, 1641993, 98, 0, 0
1647, 40, 133, 197, 0, 0, 79.67%, 0, 0, 11, 860.22, 1647033, 98, 0, 0
1652, 40, 116, 197, 0, 0, 79.67%, 0, 0, 11, 978.82, 1652269, 98, 0, 0
1657, 40, 144, 197, 0, 0, 79.67%, 0, 0, 11, 1003.63, 1657511, 98, 0, 0
1663, 40, 197, 198, 1, 1, 79.67%, 0, 0, 11, 1004.15, 1662569, 98, 0, 0
1668, 40, 144, 198, 0, 0, 79.67%, 0, 0, 11, 1057.71, 1668120, 98, 0, 0
1673, 40, 172, 198, 0, 0, 79.67%, 0, 0, 11, 1016.22, 1673097, 98, 0, 0
1678, 41, 144, 198, 0, 0, 79.67%, 0, 0, 11, 1067.83, 1678499, 98, 0, 0
1683, 41, 197, 198, 0, 0, 79.67%, 0, 0, 11, 1067.34, 1684042, 98, 0, 0
1688, 41, 40, 198, 0, 0, 79.67%, 0, 0, 11, 1052.44, 1689346, 98, 0, 0
1693, 41, 113, 198, 0, 0, 79.67%, 0, 0, 11, 1009.23, 1694477, 98, 0, 0
1698, 41, 144, 198, 0, 0, 79.67%, 0, 0, 11, 1012.09, 1699517, 98, 0, 0
1703, 41, 42, 198, 0, 0, 79.67%, 0, 0, 11, 1040.76, 1704777, 98, 0, 0
1708, 41, 45, 198, 0, 0, 79.67%, 0, 0, 11, 1055.61, 1710112, 98, 0, 0
1713, 41, 172, 198, 0, 0, 79.67%, 0, 0, 11, 1054.62, 1715433, 98, 0, 0
1718, 42, 172, 198, 0, 0, 79.67%, 0, 0, 11, 996.68, 1720492, 98, 0, 0
1723, 42, 197, 198, 0, 0, 79.67%, 0, 0, 11, 965.37, 1725377, 98, 0, 0
1729, 42, 146, 198, 0, 0, 79.67%, 0, 0, 11, 1043.24, 1730887, 98, 0, 0
1734, 42, 197, 198, 0, 0, 79.67%, 0, 0, 11, 1040.48, 1736167, 98, 0, 0
1739, 42, 85, 198, 0, 0, 79.67%, 0, 0, 11, 1016.84, 1741127, 98, 0, 0
1744, 42, 172, 198, 0, 0, 79.67%, 0, 0, 11, 1027.67, 1746537, 98, 0, 0
1749, 42, 150, 198, 0, 0, 79.67%, 0, 0, 11, 1008.22, 1751552, 98, 0, 0
1754, 42, 192, 198, 0, 0, 79.67%, 0, 0, 11, 1046.59, 1756862, 98, 0, 0
1759, 42, 104, 198, 0, 0, 79.67%, 0, 0, 11, 1068.78, 1762453, 98, 0, 0
1764, 43, 173, 198, 0, 0, 79.67%, 0, 0, 11, 1078.02, 1767874, 98, 0, 0
1769, 43, 121, 198, 0, 0, 79.67%, 0, 0, 11, 1076.23, 1773324, 98, 0, 0
1772, 43, 121, 198, 0, 0, 79.67%, 0, 0, 11, 1079.45, 1776388, 98, 0, 0
