# relative_time, cycles_done, cur_item, corpus_count, pending_total, pending_favs, map_size, saved_crashes, saved_hangs, max_depth, execs_per_sec, total_execs, edges_found, total_crashes, servers_count
60, 1380, 5, 7, 0, 0, 33.33%, 0, 0, 1, 18899.74, 1157979, 6, 0, 0
65, 1495, 1, 7, 0, 0, 33.33%, 0, 0, 1, 18964.07, 1253754, 6, 0, 0
70, 1610, 0, 7, 0, 0, 33.33%, 0, 0, 1, 19037.38, 1350004, 6, 0, 0
75, 1724, 1, 7, 0, 0, 33.33%, 0, 0, 1, 19031.06, 1446104, 6, 0, 0
80, 1838, 1, 7, 0, 0, 33.33%, 0, 0, 1, 19017.32, 1542129, 6, 0, 0
85, 1956, 0, 7, 0, 0, 33.33%, 0, 0, 1, 19288.05, 1640929, 6, 0, 0
90, 2070, 5, 7, 0, 0, 33.33%, 0, 0, 1, 18992.45, 1736454, 6, 0, 0
95, 2183, 1, 7, 0, 0, 33.33%, 0, 0, 1, 18865.77, 1831754, 6, 0, 0
100, 2294, 1, 7, 0, 0, 33.33%, 0, 0, 1, 18460.19, 1925129, 6, 0, 0
106, 2409, 1, 7, 0, 0, 33.33%, 0, 0, 1, 18892.95, 2021279, 6, 0, 0
111, 2524, 5, 7, 0, 0, 33.33%, 0, 0, 1, 19000.68, 2117829, 6, 0, 0
116, 2639, 5, 7, 0, 0, 33.33%, 0, 0, 1, 19042.51, 2214004, 6, 0, 0
121, 2752, 5, 7, 0, 0, 33.33%, 0, 0, 1, 19026.52, 2309954, 6, 0, 0
126, 2867, 1, 7, 0, 0, 33.33%, 0, 0, 1, 19050.47, 2406179, 6, 0, 0
131, 2981, 1, 7, 0, 0, 33.33%, 0, 0, 1, 19046.41, 2502054, 6, 0, 0
136, 3096, 0, 7, 0, 0, 33.33%, 0, 0, 1, 18992.10, 2597879, 6, 0, 0
141, 3210, 1, 7, 0, 0, 33.33%, 0, 0, 1, 19005.10, 2693554, 6, 0, 0
146, 3328, 1, 7, 0, 0, 33.33%, 0, 0, 1, 19194.05, 2792104, 6, 0, 0
151, 3442, 0, 7, 0, 0, 33.33%, 0, 0, 1, 19022.06, 2888029, 6, 0, 0
156, 3557, 0, 7, 0, 0, 33.33%, 0, 0, 1, 18966.50, 2983879, 6, 0, 0
161, 3671, 1, 7, 0, 0, 33.33%, 0, 0, 1, 18937.36, 3079354, 6, 0, 0
166, 3785, 0, 7, 0, 0, 33.33%, 0, 0, 1, 18945.87, 3174879, 6, 0, 0
171, 3899, 5, 7, 0, 0, 33.33%, 0, 0, 1, 18984.27, 3270779, 6, 0, 0
176, 4013, 1, 7, 0, 0, 33.33%, 0, 0, 1, 19003.57, 3366704, 6, 0, 0
181, 4127, 0, 7, 0, 0, 33.33%, 0, 0, 1, 19001.23, 3462404, 6, 0, 0
186, 4241, 5, 7, 0, 0, 33.33%, 0, 0, 1, 18948.58, 3558054, 6, 0, 0
191, 4356, 1, 7, 0, 0, 33.33%, 0, 0, 1, 18999.65, 3654029, 6, 0, 0
196, 4470, 5, 7, 0, 0, 33.33%, 0, 0, 1, 19039.84, 3750179, 6, 0, 0
201, 4586, 1, 7, 0, 0, 33.33%, 0, 0, 1, 19351.34, 3847329, 6, 0, 0
207, 4703, 1, 7, 0, 0, 33.33%, 0, 0, 1, 19202.74, 3945229, 6, 0, 0
212, 4817, 5, 7, 0, 0, 33.33%, 0, 0, 1, 19055.67, 4041179, 6, 0, 0
217, 4932, 1, 7, 0, 0, 33.33%, 0, 0, 1, 19016.99, 4137229, 6, 0, 0
222, 5046, 1, 7, 0, 0, 33.33%, 0, 0, 1, 19018.91, 4233329, 6, 0, 0
227, 5161, 1, 7, 0, 0, 33.33%, 0, 0, 1, 18974.93, 4329054, 6, 0, 0
232, 5275, 1, 7, 0, 0, 33.33%, 0, 0, 1, 18961.46, 4424829, 6, 0, 0
237, 5390, 1, 7, 0, 0, 33.33%, 0, 0, 1, 18967.46, 4520704, 6, 0, 0
242, 5503, 5, 7, 0, 0, 33.33%, 0, 0, 1, 18853.21, 4615854, 6, 0, 0
247, 5618, 1, 7, 0, 0, 33.33%, 0, 0, 1, 19027.13, 4711904, 6, 0, 0
252, 5732, 5, 7, 0, 0, 33.33%, 0, 0, 1, 18872.90, 4807454, 6, 0, 0
257, 5847, 5, 7, 0, 0, 33.33%, 0, 0, 1, 19241.39, 4904404, 6, 0, 0
262, 5963, 5, 7, 0, 0, 33.33%, 0, 0, 1, 19577.62, 5002729, 6, 0, 0
267, 6078, 1, 7, 0, 0, 33.33%, 0, 0, 1, 19124.65, 5099029, 6, 0, 0
272, 6191, 5, 7, 0, 0, 33.33%, 0, 0, 1, 18696.00, 5193854, 6, 0, 0
277, 6306, 0, 7, 0, 0, 33.33%, 0, 0, 1, 19274.77, 5291079, 6, 0, 0
279, 6352, 5, 7, 0, 0, 33.33%, 0, 0, 1, 19220.46, 5329621, 6, 0, 0
